59.6
64.7
54.6
31.9
66.2
88
55.8
55.5
22
43.3
28
64.4
39.1
63.3
65.8
55.8
61.6
12.7
55.6
27.4
21.5
61.9
27.6
39
39.4
46.8
47.2
45.9
55.6
33
42.2
43.5
50.2
34.8
61.5
58.2
61.7
60.2
53.2
62.2
40
46.2
44.4
65
46.9
73.1
28.6
57
83.4
18.3
69.4
50.5
71.6
56.8
76.7
62.9
28.8
36.9
60.7
63.5
23.6
30
35.1
44.3
53.7
58.9
57.6
35.6
45.8
49.3
51.7
68.5
48.9
32.8
30.4
52.1
40.2
51.1
62
61.7
47.4
52.2
42.8
48
46.9
52.4
36
49.1
60.5
34.8
75.3
43.1
56.7
53.8
46.5
48.3
80.6
60.9
13.6
57
31.6
47.4
55.8
73.4
34.9
50.6
51.2
65.2
60.2
48
35.7
40.4
52.9
70.7
47.5
45.3
49
14
34.5
39.8
47.4
44.6
68.7
40.7
35.4
35.5
39.9
51.2
60.3
51.8
54.5
60.8
21
42.1
37.8
65.2
60.4
60
54.8
68
49.7
63.7
47.9
22.3
74.7
45.1
49.1
47.3
36
32.6
39.6
70.1
58.4
69.4
80.8
50
43.5
49.7
48.1
48.3
59.9
36.9
58.2
68.5
56
27.6
27.8
59.5
64.3
70.7
53.8
28.8
39.2
65.6
45.2
55.2
51.3
39.6
64.5
39
48
58.8
51.2
20.8
54.1
46.1
56.3
39.1
36
42.4
87.6
52.9
49.9
60.9
49
55.5
69.2
60.5
51.4
43.5
42.5
45.6
22.9
67
39.9
38.8
68.1
60.7
25.4
48.8
39.9
38.3
23
44.6
51.3
59.2
45.1
63.6
51.8
46.2
40.8
63.1
68.1
63
58.4
74.5
61.9
33
61.8
63.9
63.2
74.6
62.8
60.2
48.6
46.4
28.4
50.6
50.8
60.7
52.5
45.9
54.2
61.7
45.3
35.5
59.1
48.3
37.2
45.5
55.2
40.2
29.6
46.8
39.3
29.8
30.7
57.6
35.4
24
42.9
34.6
78.2
22.3
61.1
36.3
46.7
73.1
78.7
41.2
34.4
39.9
51.1
52.3
51.5
48.2
50.7
46.7
47.1
53.5
39
50.6
63.9
73.9
76.4
55.3
51.2
59.2
42
40.4
35.5
74.1
64.5
47
42.9
22.3
34.2
38.7
54.5
67.1
12.6
44.4
49.2
50
41.7
57.3
43.9
42.1
51.5
48.2
44.1
23.6
30.7
26
51.4
46.7
28.8
93.7
65
41.7
51
51.5
83.8
17.5
40.8
62.3
56.3
53.1
61.8
22.5
38.8
66
37.9
37.2
68.4
43.4
44.7
54.2
65.6
57.7
36.1
24.5
53.5
44.5
61.6
17.9
47.2
27.2
40.9
37.3
43.1
51.1
56.1
33.7
69.4
68.5
42.8
45.1
47.9
54.4
26
38.2
30.7
58.2
55.2
58.1
34.6
31.5
45.6
47
30.8
75.5
66.6
60.3
40.3
41.9
15.4
58.8
58.4
24
54.7
42.1
76.1
29.2
39.4
28.9
54.3
44.1
55.5
32.7
69.1
48.8
69.5
52.9
69.1
27.7
76.2
55.6
44.3
30.3
59.1
43.8
59
42.5
33.7
38
50
66
55.4
62.1
45.1
45.6
46.4
77.7
64.4
38.9
23.3
40.1
42.8
81.4
64.5
44.4
71.1
46.9
60.9
47.3
63
28
71.8
57.4
63.5
70.1
72.6
36.7
56.7
36.7
63.3
38.9
47.7
37.1
56.6
44.6
45.9
27.1
21.7
31.7
35.7
51.3
45.2
40.8
60.5
44.2
58.8
55.8
38.5
46
36.7
39.7
43.7
53.1
45.4
51.9
37.7
49.1
46.4
46.6
44.1
52.6
37.1
20
57.6
46.8
25.6
40.6
63.6
53.8
37.5
75.3
28.3
44.8
68.7
53.5
27.9
57.2
37.7
64.6
26.8
56.1
35.8
52.2
49.6
44.4
38
69.8
41
74.4
56.1
33.1
48.8
41.5
58.7
40.5
60
42.3
60.3
51.4
47.4
67.3
63.3
35.3
70.8
74.1
65.1
56.2
64.5
61.7
29.9
53.8
47.8
65
47.4
43
58.9
61
49.1
47.3
90.2
90.6
52.9
39.6
46.5
44.4
71.8
46.6
19.3
41.2
64
66.8
59.6
55.2
57.8
28.2
64
54.6
48.5
33
36.6
68.4
45.8
44.5
37.9
50.5
46.3
39.7
60.2
36
42.2
40
31.8
31.5
29.9
61.7
74.1
60.1
41.8
21.7
38.6
32.7
33
48.5
37.3
72.3
48.5
43.6
59.7
68.2
36.4
53.1
81
51.6
64.5
40
54
54
55.5
45.7
45.5
52.9
36.8
57.7
40.3
72
47.8
40.5
63.2
82.5
22.6
33.3
67.5
62.3
61.6
59.1
57.1
67.4
44.4
33.3
63.9
46.6
38
56.4
34.8
43.6
46.1
52.6
51.8
74
47.5
57.1
52.6
79
52.7
61.5
53.3
76.9
17.5
52.8
26.1
42
53.1
61.5
68.2
47
35.6
33.1
52.5
35.4
29.9
57.7
62.4
73.8
64
61.4
42.4
34.1
60.3
53.6
49.6
44.9
42
30.2
35.4
67.2
46.9
56.9
57.5
54.8
53.5
65.6
45.8
32.4
26.9
66.7
41.4
42.7
36.4
54.9
31.8
64.2
48
51.8
51.1
23.3
71.8
25.7
53.2
57.1
62.3
19
49.7
76.9
74.5
37.3
50.3
51.6
82.3
50.1
29
54.4
26
62.6
69.3
25
64.5
35.9
62.8
37
52.3
54
66.4
35.4
64.2
52.2
94.2
18.5
45.6
39.7
34.7
56.2
39.6
54.3
66.7
58.2
47.4
53.8
75.3
60
56.6
40.5
48
71.2
29.3
74.5
60
33.5
41
44.8
52.7
71.9
26.6
46.3
48.8
48.7
65.9
54.1
47.3
57.9
46.9
54.8
45.1
58.4
63.4
47
51.7
45.4
90.2
65.7
23.1
51.1
50.6
25.6
50.6
53.6
49.9
78.6
67.2
36.7
51.6
37.6
62.2
38.7
75.9
47.1
67.6
10.9
51.5
80.4
38.4
42.9
52.8
48
38.5
14
53.1
77.4
81.7
57.7
43.5
30.6
36.4
49.5
62
43.5
49.4
52.1
76.9
76.1
77.6
57
34
38.5
63.9
43.5
50.6
79
68.8
58
42.3
44.9
55.8
59.4
36.7
48.6
44.8
47.5
58.3
56.9
80.7
44
64.1
47.2
75.2
49.5
52.6
58.2
54.7
32.8
33.1
32.6
65.6
68.9
53.2
65
50.8
88.6
73.5
71.7
58.6
52.7
51.8
54.5
64.6
49.8
49.5
49.3
55.6
27.4
49.6
67.4
46.4
45
65.3
60.3
54.6
61.8
60.2
46.1
48.1
46.7
53.1
20.8
72.8
60.4
71.8
50.6
31.6
50.2
49
23.7
42.1
85.5
33.1
59.7
63.6
48.1
49.4
28
44.6
44.4
