868
85 60 53 49
27 91 100 37
5 97 74 40
34 7 47 32
92 32 42 96
99 68 88 94
35 73 32 82
26 88 89 20
26 54 9 11
11 57 47 52
35 99 3 1
45 13 99 77
23 57 64 13
19 44 85 84
96 26 69 69
0 51 98 54
46 79 26 96
22 1 10 17
8 96 75 41
48 5 54 2
11 14 49 6
35 99 62 55
92 4 19 9
39 75 11 43
5 42 58 42
81 69 52 4
81 59 2 62
17 49 70 39
90 95 40 22
84 18 22 20
94 51 27 17
28 53 4 87
27 59 45 65
12 12 27 73
17 13 100 85
70 74 29 69
96 16 44 87
53 41 80 58
29 93 11 85
79 64 91 21
80 90 18 2
59 76 63 1
74 82 41 3
2 95 56 96
27 98 17 56
96 34 67 90
20 45 25 27
36 81 67 45
65 97 93 77
49 11 20 1
76 88 34 88
39 44 70 43
22 66 95 85
50 54 79 41
64 69 75 92
75 40 89 44
34 14 1 63
9 60 64 13
44 81 30 89
65 74 55 64
24 52 17 11
6 30 8 68
21 24 21 66
36 58 72 13
61 74 4 85
4 7 93 96
63 63 63 45
22 27 53 33
89 35 67 3
70 22 69 34
80 15 69 40
93 98 60 41
4 62 58 61
1 58 12 58
79 28 5 25
27 46 87 38
42 36 15 67
79 82 43 20
82 63 100 10
75 43 92 35
6 63 79 33
37 35 53 73
72 19 76 6
51 12 63 55
63 35 41 50
8 68 85 39
55 59 32 12
17 23 73 64
6 91 90 47
12 30 76 12
44 94 69 90
85 51 6 47
74 61 58 41
75 17 20 98
1 5 67 84
55 92 36 27
99 79 58 92
7 98 82 51
10 4 12 24
3 63 81 65
41 60 20 18
28 11 43 89
65 67 64 34
97 78 47 81
55 13 29 42
20 68 54 56
53 47 19 85
87 74 87 23
34 96 60 54
50 46 58 38
31 92 6 31
63 76 13 29
39 62 49 60
48 55 73 94
6 59 31 84
7 74 35 62
6 86 12 90
6 7 13 25
53 19 7 60
31 30 9 83
97 32 4 68
14 92 1 77
19 65 77 96
21 58 37 46
16 68 51 11
67 55 7 30
26 52 46 35
24 46 99 25
99 27 46 71
29 29 74 60
57 58 42 63
33 52 82 64
3 0 42 26
12 92 19 52
4 11 33 83
73 28 56 94
62 21 59 87
13 32 96 74
32 95 86 12
50 74 44 100
77 56 46 31
30 35 100 69
28 57 91 12
23 66 12 3
59 88 80 71
13 85 52 33
73 21 51 50
76 0 97 10
56 88 0 24
7 72 31 25
60 48 60 0
59 62 56 97
70 54 54 58
46 40 96 78
71 81 69 99
21 25 100 36
7 83 80 5
39 55 93 10
66 44 65 22
34 20 76 49
65 86 37 62
62 1 27 54
34 26 59 95
54 35 85 84
32 89 98 8
12 33 56 6
39 7 47 15
79 88 67 20
69 98 54 49
53 92 42 97
51 35 31 91
12 6 79 5
17 41 84 8
84 58 51 73
13 57 87 17
97 71 27 45
88 71 8 57
22 14 22 86
53 97 74 41
29 34 30 58
66 57 30 48
17 91 43 81
59 2 74 56
10 1 32 30
24 23 88 61
41 50 11 82
95 50 87 4
44 51 44 23
46 20 68 8
0 98 33 43
83 94 76 98
23 36 67 70
66 41 92 3
83 25 99 32
43 46 40 64
90 12 37 80
72 19 71 99
66 61 61 56
40 64 42 60
65 34 22 57
12 31 26 87
67 98 24 18
73 7 15 8
65 21 94 72
1 47 14 87
17 66 55 19
40 68 94 61
74 81 72 27
32 17 10 42
38 83 63 19
32 52 22 55
25 78 20 39
62 17 1 23
89 86 4 28
0 75 50 71
21 53 69 79
22 7 49 82
26 76 92 52
1 6 96 72
9 87 67 23
19 98 2 56
65 99 64 37
76 80 50 73
40 77 98 34
58 69 90 20
94 43 61 96
28 79 98 37
14 94 20 18
100 44 46 64
89 85 96 1
79 60 92 26
96 52 65 85
90 32 89 39
83 95 72 10
95 49 22 44
26 74 48 40
99 22 7 7
21 88 89 7
46 46 33 75
48 65 56 71
81 42 28 65
38 61 42 45
13 93 29 81
17 47 80 83
67 35 55 28
38 42 60 5
83 58 66 37
38 82 25 56
81 57 26 6
19 81 81 4
28 53 80 50
12 66 12 70
33 43 43 5
76 98 3 37
36 42 19 60
7 97 6 24
33 2 25 54
77 13 37 95
3 66 62 10
11 1 37 35
33 54 39 46
30 23 2 78
69 64 96 76
23 30 33 6
36 61 44 95
34 8 54 39
38 38 88 17
64 72 69 84
52 79 77 98
88 40 10 42
84 7 31 23
37 71 54 7
20 0 57 100
7 31 98 51
39 70 82 17
69 55 55 23
85 26 70 25
58 78 51 14
8 34 100 29
56 78 36 53
81 81 9 13
13 36 49 87
43 11 78 99
39 53 90 95
86 89 92 46
7 58 43 98
36 97 7 75
97 76 32 50
22 17 67 47
53 44 42 28
40 37 41 26
90 6 94 89
58 38 93 58
69 16 8 92
54 12 1 98
29 60 15 0
72 66 5 17
48 30 18 59
37 60 96 21
93 25 70 75
10 5 19 13
46 59 15 63
96 15 61 29
44 17 94 32
83 22 59 10
53 88 16 81
10 61 27 72
6 26 84 35
96 58 29 40
73 90 19 33
10 41 86 27
37 69 7 1
9 50 1 62
17 14 41 25
97 61 25 41
55 45 26 63
26 4 51 25
100 85 95 94
81 94 81 19
58 77 6 43
43 26 86 38
58 54 23 74
100 61 81 91
4 4 35 18
44 16 22 74
87 94 70 17
95 41 65 32
76 41 20 79
52 56 83 51
77 7 15 4
40 73 1 53
85 14 59 95
98 69 13 2
39 93 6 30
38 40 93 83
87 43 15 43
31 80 57 18
34 12 50 100
77 92 93 13
27 53 61 78
12 5 76 33
67 6 3 30
84 29 91 12
82 13 14 71
95 36 89 29
21 13 36 1
18 83 85 5
26 23 38 20
47 33 5 78
62 30 52 11
52 60 49 20
17 93 4 93
53 91 19 72
3 86 45 8
16 91 60 100
20 75 87 78
34 48 39 49
31 46 26 73
41 77 13 68
75 71 78 6
4 48 27 25
34 67 43 17
79 7 28 17
37 50 36 100
50 94 52 36
41 59 42 85
36 47 29 31
28 86 6 23
25 50 65 37
69 76 29 31
51 34 11 35
78 79 86 61
83 61 65 61
72 21 94 45
5 12 100 23
39 13 73 32
4 13 1 39
30 72 55 73
3 88 64 70
50 1 38 8
90 32 9 92
40 16 53 50
77 77 67 84
35 69 16 12
81 26 29 31
51 11 44 11
17 28 66 85
77 22 9 72
82 59 55 36
61 5 40 25
93 95 16 89
81 28 45 45
95 50 99 36
99 17 69 30
21 98 92 59
60 32 3 28
90 69 66 82
99 29 77 23
30 7 64 59
22 5 7 76
35 79 25 96
42 24 74 28
75 4 74 70
60 4 72 27
8 96 0 43
5 83 12 56
54 79 10 68
17 88 73 77
99 34 66 30
35 61 73 70
5 69 16 85
65 7 68 36
82 39 38 36
95 55 80 79
26 80 63 81
25 21 67 32
44 71 0 1
37 27 52 39
42 43 12 74
93 89 93 57
55 74 55 74
7 11 52 84
93 69 52 77
38 15 58 63
41 64 41 92
66 82 17 42
72 60 70 52
57 29 9 27
32 39 92 100
93 95 41 25
70 63 46 77
7 57 94 97
51 81 96 58
9 47 17 68
73 38 30 85
48 53 28 27
99 54 18 91
0 94 8 59
84 81 37 12
53 11 39 42
19 75 55 71
42 4 61 57
45 84 39 28
39 29 17 28
74 9 6 11
6 10 58 37
50 82 11 20
91 77 49 10
23 35 67 45
15 30 73 33
2 86 61 82
37 40 56 40
72 69 83 19
13 62 59 77
26 48 38 41
36 68 7 77
30 38 30 47
50 51 31 34
45 4 50 63
78 51 44 47
57 32 70 22
77 61 35 46
37 6 29 68
47 14 24 99
16 51 36 74
29 18 26 98
24 57 56 37
62 42 80 26
70 39 14 37
28 42 17 3
73 5 90 50
33 90 72 2
79 4 13 17
51 14 41 51
63 42 69 73
61 67 44 50
94 47 6 25
72 24 96 91
33 8 13 54
49 91 52 4
63 0 88 99
91 55 5 76
66 30 24 5
73 99 22 54
21 25 11 84
31 100 64 64
61 52 5 9
59 67 11 92
8 69 4 64
24 51 92 32
58 34 34 70
21 69 0 88
14 95 44 10
96 34 70 76
81 82 17 11
94 17 83 91
38 79 59 50
56 33 43 8
65 92 27 31
78 41 44 15
49 99 87 10
51 3 15 84
19 80 87 47
9 30 48 67
95 4 59 76
48 92 60 18
75 27 57 33
54 80 88 47
44 76 38 93
72 28 33 18
57 33 90 86
100 14 75 96
62 100 45 64
49 88 13 83
90 6 79 72
19 57 80 75
61 18 4 43
66 20 47 75
16 79 96 0
69 16 88 72
55 26 76 28
64 82 39 7
65 21 79 60
3 47 86 84
49 84 72 3
75 16 22 75
61 96 96 100
88 98 90 88
12 62 27 100
12 36 55 45
22 62 84 15
46 23 89 13
62 69 78 74
12 47 62 54
23 66 4 1
61 31 10 66
54 95 98 16
41 80 96 46
94 12 99 29
64 32 64 56
39 13 72 86
5 70 32 12
79 82 14 92
33 33 65 73
25 54 52 57
34 32 40 26
4 95 8 48
78 24 76 84
46 18 65 45
0 26 56 75
50 54 1 56
55 55 10 85
3 83 45 52
12 35 72 29
43 99 32 74
34 53 30 32
85 81 28 2
27 38 26 64
50 43 9 35
15 54 23 36
93 7 25 8
84 34 98 29
48 90 69 86
23 72 93 44
8 93 72 0
34 16 17 22
25 12 55 49
61 20 8 47
78 36 9 25
32 32 62 57
41 0 49 48
89 76 34 97
69 31 25 70
19 67 23 65
33 96 24 89
97 22 66 82
62 21 48 18
89 25 1 100
88 77 67 93
50 4 49 87
76 68 23 96
74 84 24 4
56 97 13 65
40 5 66 84
13 2 77 98
30 86 63 12
60 58 43 30
85 85 19 44
29 20 73 17
43 10 69 88
75 41 50 7
74 88 73 59
46 85 54 18
44 64 13 50
41 20 92 78
100 86 58 93
64 49 0 0
36 9 41 40
81 9 68 97
70 18 80 69
85 34 56 70
66 54 62 55
8 36 87 74
41 41 77 93
9 78 62 28
21 33 42 33
76 83 73 34
50 39 10 86
73 3 49 27
87 66 5 81
16 86 3 45
17 42 40 66
69 13 49 50
52 7 85 51
58 72 20 66
24 100 91 73
62 33 82 13
13 94 52 67
91 88 24 32
85 70 85 75
33 79 13 88
81 48 56 63
45 70 21 80
35 81 81 98
19 16 12 23
57 57 44 56
50 1 51 2
85 86 12 14
89 37 37 56
91 32 40 83
88 88 24 86
73 66 16 48
79 60 0 26
11 0 44 59
2 25 68 89
26 70 49 5
83 23 27 2
11 81 95 36
99 57 79 25
85 80 81 55
92 42 44 80
50 56 74 60
1 79 24 64
22 99 8 25
82 32 38 87
48 7 69 73
10 49 30 96
26 71 16 69
6 93 40 34
44 29 1 51
100 26 2 32
41 55 70 90
64 13 63 42
13 24 98 67
67 81 58 35
66 64 36 60
12 71 90 33
68 83 98 20
38 14 52 66
39 15 57 15
55 6 42 7
3 95 66 91
45 72 46 14
0 95 13 66
52 7 19 63
92 28 31 72
21 0 83 9
86 31 86 50
40 8 92 36
23 80 97 7
63 29 66 43
2 8 19 52
86 24 77 89
6 19 5 64
3 80 67 55
63 80 21 74
24 10 90 95
27 11 18 20
13 39 32 99
64 100 92 55
27 86 97 76
78 23 16 41
79 60 34 41
80 100 42 10
83 90 98 61
26 46 64 55
3 25 1 77
68 6 78 54
0 34 36 28
76 27 89 51
97 65 31 92
75 26 13 3
88 89 52 45
71 5 43 26
23 63 82 70
49 13 12 70
38 84 62 31
49 53 30 82
75 59 48 84
22 47 0 72
69 18 93 63
76 98 37 21
89 94 99 93
2 50 6 21
82 35 42 32
54 77 9 36
85 75 0 9
76 79 72 12
43 14 85 9
99 18 25 78
97 40 44 87
69 60 87 21
53 22 95 13
99 8 49 59
100 56 90 57
44 25 60 94
88 36 48 58
0 93 23 50
46 86 52 20
61 46 95 71
34 0 51 24
60 98 67 76
70 56 27 89
23 38 65 6
87 34 23 33
40 70 27 49
51 52 30 77
47 89 68 81
40 18 30 20
53 30 81 18
41 95 26 46
79 4 73 34
88 96 62 35
48 8 50 93
77 50 1 72
76 92 15 66
31 52 51 50
100 21 83 19
54 71 18 49
14 83 60 70
80 48 75 51
87 61 28 30
82 61 70 7
76 7 40 56
84 97 92 88
70 77 40 81
1 2 65 10
73 34 1 98
19 24 57 83
12 80 24 0
36 64 29 73
48 61 42 64
4 61 63 60
92 61 72 88
78 18 83 77
67 97 10 3
21 9 70 82
89 3 42 22
88 70 70 32
53 1 1 92
15 72 100 95
12 78 61 36
47 51 94 66
15 11 16 3
65 62 29 58
63 96 89 73
18 42 76 12
74 37 43 26
43 38 22 100
3 93 47 49
65 87 6 21
32 14 4 12
49 29 68 57
88 56 64 98
36 92 97 90
14 66 97 42
57 96 21 22
56 1 26 38
16 43 0 82
1 86 77 30
28 27 70 100
41 10 43 68
83 20 75 21
41 83 71 20
8 99 85 100
68 59 82 87
61 93 56 100
96 78 24 50
32 24 52 24
67 61 39 4
44 49 57 94
88 53 50 1
48 82 47 35
93 53 98 68
56 72 84 60
47 81 66 42
69 72 42 5
65 11 38 61
73 26 48 72
27 69 90 44
5 18 59 48
59 43 47 47
27 80 31 47
56 18 51 58
46 67 43 76
23 71 42 85
89 52 84 91
32 68 66 14
69 7 80 83
33 32 18 96
53 86 92 66
65 34 0 99
30 44 62 64
9 33 81 85
24 14 94 63
61 31 44 4
32 45 27 32
30 25 34 38
97 48 72 50
85 93 91 20
39 20 52 86
81 94 28 72
97 7 61 39
61 97 96 94
46 98 96 53
90 48 48 99
38 24 67 87
26 5 57 98
90 64 34 36
1 60 73 68
90 98 4 86
83 28 39 53
93 9 53 44
19 64 50 59
24 89 92 18
33 86 7 5
84 80 49 7
81 4 87 81
29 65 91 1
46 50 22 64
94 15 51 94
93 69 63 30
36 90 46 52
50 79 95 25
73 63 40 70
6 73 42 59
44 12 26 97
25 72 51 40
90 3 52 63
71 3 6 14
74 35 95 75
87 92 60 22
54 86 76 70
61 42 16 84
36 23 51 15
43 49 92 14
73 37 48 42
82 26 3 4
18 89 21 48
91 56 88 99
8 72 41 16
60 96 74 21
43 83 65 63
71 12 17 88
100 30 73 5
36 5 11 55
35 14 59 57
48 30 10 86
