35.9
65.9
72.1
46.6
29.6
59.4
37.6
27.3
88.5
62.7
67
34.4
57.1
55.9
59.2
70.6
54
37.2
23.2
64.3
51.6
39.7
68.5
72.7
30.6
48.1
42.5
35.2
28.6
49.4
58.9
16.3
39.1
38.5
42.2
56.8
34.1
46.9
44.3
67.5
68.3
56.9
72
57.4
67.7
68.2
78.4
55.5
25.6
49.6
72.7
45.1
49.6
52.9
41.9
40.6
39.5
58.4
48.9
62.6
48.6
43.6
67.1
50.4
64.2
76
72.6
53.8
57.6
52.2
56.3
37
67.2
50.5
62.4
63.7
21.4
77.5
40.7
38.6
38.1
72.6
59.4
50
51.5
52.9
30.2
46.4
53.2
54.3
78.2
36.8
63
58.1
57.5
56.4
63.1
45
30.1
47.8
50.8
58.9
43.5
68.2
77
51.1
52
68.5
55.1
58.8
56.1
56.2
62.7
65.2
25.2
71.7
34.8
43.6
41.4
39.4
61.4
35.9
43.9
61.8
33.4
58.5
58.1
29.8
37.9
77
50.2
80.3
32.4
26.1
39.9
64.7
25.7
64.6
32.5
59.2
63.8
60.6
37
79.2
51.5
36.9
60.9
64.9
38
66.3
52
78.4
24.1
13.9
40
34.3
52.5
72.7
