158
9 25 64 33
43 75 45 96
4 91 95 82
71 15 70 28
28 51 24 22
12 33 91 77
36 32 79 1
9 9 8 71
77 79 93 98
73 59 57 64
39 68 98 54
36 67 1 45
58 76 80 21
26 42 51 90
88 19 53 73
52 49 75 93
83 97 49 11
74 13 57 9
2 6 39 33
2 81 59 100
52 68 13 79
35 27 24 67
58 76 39 100
100 49 62 81
30 45 1 51
45 92 48 21
55 48 10 63
66 23 42 16
55 67 8 6
37 24 38 86
34 61 52 81
29 33 6 7
13 1 23 98
53 0 7 86
16 93 0 68
53 45 94 30
4 81 10 47
11 63 78 29
72 43 24 47
62 64 81 60
55 57 86 67
92 80 32 43
74 64 80 68
93 71 17 65
38 38 89 86
54 38 75 91
97 7 99 93
81 30 13 98
2 15 24 50
22 22 40 96
25 67 90 91
97 1 68 17
17 54 30 88
100 70 57 6
37 90 55 0
23 21 38 68
95 38 1 42
41 53 64 68
62 37 45 52
14 83 86 58
42 78 21 61
38 69 5 69
59 65 75 66
17 64 31 83
49 83 56 70
86 27 94 84
90 60 83 59
12 47 90 50
49 59 62 58
2 7 92 76
24 19 87 72
62 3 8 72
63 81 79 49
41 54 31 74
91 83 75 17
63 56 67 66
17 57 13 9
80 54 100 69
29 47 15 70
9 31 30 72
75 15 60 7
60 99 60 76
62 37 43 89
84 7 51 55
84 43 2 85
78 68 18 61
8 5 24 68
28 93 20 54
97 61 63 9
58 8 87 50
48 94 94 72
13 6 30 80
18 33 97 79
53 92 3 94
66 61 88 19
8 46 65 87
98 84 33 56
33 63 75 11
27 59 0 43
77 6 61 43
44 24 54 70
83 48 77 32
76 29 2 73
96 86 38 68
59 89 83 75
53 63 1 92
41 39 39 81
96 38 42 97
47 2 85 66
18 24 87 81
72 36 34 81
73 76 42 46
83 49 50 71
34 100 29 99
15 66 7 23
49 74 59 98
48 21 34 36
52 73 52 10
15 48 1 95
44 18 57 33
72 85 91 9
80 2 12 53
32 63 44 39
53 100 16 88
89 9 26 20
65 37 59 68
69 43 61 58
41 36 10 38
29 54 16 55
20 80 97 93
45 47 33 73
60 94 97 68
40 98 11 5
14 7 58 15
23 25 98 3
52 81 94 33
53 53 15 0
48 89 89 35
24 8 19 68
54 62 38 82
79 75 71 39
80 16 59 79
68 84 6 16
64 80 98 70
53 38 26 85
12 42 2 85
40 62 91 44
62 81 39 82
0 1 75 51
53 85 32 97
46 70 69 27
77 48 82 96
31 28 7 34
0 47 6 9
53 81 3 41
49 52 22 25
48 36 91 28
69 8 92 99
