47.5
58.4
68.3
57.2
56.8
28.8
68.9
44.8
68.3
50
32.1
40.3
77.9
44.2
54.3
48.8
37.6
43.8
54.5
79
22.1
35.6
52.8
67.4
41.5
25.2
70.2
54.8
57.7
56.3
41.9
70.2
43
58.8
50.7
79.4
33.6
53.4
54.8
41.8
21.6
42.6
29.3
57.5
42.1
48.6
29.7
37.7
46.7
64.7
35.9
59.5
56
51.8
49.8
35.7
86.5
63.8
50
11.9
28.9
40
68.8
49.5
44.1
53.4
48.3
34.4
58.6
50.2
42.7
49.6
39.3
48.3
67.2
51.1
77.2
76.3
64.5
55.1
62.3
40
65
44.8
49.1
21.8
60.9
49.8
69.5
42.7
44.6
65
74
47.4
56.9
68.3
41.2
77.8
54.2
28.7
59.3
66.1
39.2
40.5
48.4
67.6
44.2
37.4
32.9
58.2
57.8
36.8
47
56
64.3
34.7
56.8
34.5
69.3
50.6
18.2
33
50.1
19.2
30.3
55.7
55.9
60.5
52.3
38.3
67.3
45.9
66.1
62.9
81.3
77.2
29.8
26
60.7
37.7
28.9
40.5
72.7
62.1
24
52.1
90.8
80.1
65.5
72.3
47.2
58.8
48.8
38.8
61.8
53
38.1
55.6
64.9
41.3
71.4
47
43.6
46.5
59.4
32.3
53.9
65.4
52.1
89.7
44.5
47.5
32.5
39.3
67.3
62.1
58.6
26.2
32.2
42.2
60.7
56.5
45.5
70.4
19.3
63.2
49.2
62.9
41.8
53.2
50.5
44.2
35.4
74.2
69.7
24.1
41.6
63.2
42.6
77.5
31.1
41.9
39.7
28.5
38.1
51.7
38.1
45.8
48.9
24.5
31
33.5
66.1
64.9
48.7
48.2
56.5
26
46.5
45.6
46.8
31.4
42.5
15.2
65.6
57.8
67.4
40.2
56.6
66.3
77.2
71.6
47.4
41.5
38.6
66
36
67.9
68.4
63.5
40.4
42.1
42.3
33.8
41
19.3
23.7
30.1
47.2
49.4
78.8
61.5
46.6
74.1
41.6
34.5
46.9
70.8
39.8
57.2
66.1
66
37
55.8
45.8
54.2
55.8
47.2
67.7
56.3
40
45.7
49.5
59.4
48.7
44.3
32.5
27.6
27.9
28.8
55.5
9.3
47.7
72.8
52.7
59.8
50
28.1
38.3
60.7
51.7
41
72.4
61.3
9.5
53.6
37.6
18.7
50
65.8
44.3
44.6
70.2
53.8
51.9
76.4
55.8
77
46.5
53.5
39.7
49.4
44.9
36.1
45.3
41.6
43.8
38
24.1
44.6
50.3
44.5
53.4
39.4
59.1
34.8
44.8
42.8
71.3
79.7
36.6
48.4
49.9
67.2
63.2
45.4
72.9
68.3
43.5
67.6
47.4
47.5
30
49.8
37
37.8
53.6
67
27.1
32.2
35.7
47.4
45.3
44.4
44.9
46.4
67.7
80.3
35.2
38.1
64.8
35.8
25.7
44.2
34.9
41.5
57.1
54.1
31.9
36.2
72.8
75.2
33.8
59.8
40.5
52.2
23
23.7
65.5
44.9
62.6
57.3
66.8
70.7
60.5
34.8
30.7
70.9
43.9
47.6
64.3
76
45.5
55.7
36.3
54.7
58.8
54.4
30.4
60
69.8
47.9
33.7
62.6
48
31.8
81.6
61.8
39
73.7
91.2
80
78.9
14.4
53.6
65.5
52.5
19.9
47
39.6
12
41.1
34.3
39.8
62.6
76.1
40.9
64.4
42
63.9
57
52
40.6
23.8
54.9
55.6
61
73.6
55.2
61.8
63.7
35.1
52.7
55.7
45.4
46.6
36.3
54.4
53
50.1
67.5
28.3
49
58.7
72.2
57.5
41.1
49.8
29.6
82.8
51.5
53.2
68.4
51.4
37.2
41.7
67.2
57.1
47.6
66.1
59.5
73.6
45.7
49.5
45.8
78.7
59.2
65
55.2
20.4
50.4
38.3
38
77.5
48.1
28.5
37.4
26.7
40.8
29.3
63
41.5
58.2
54.6
82.8
66.3
49.9
60.1
56
29.1
67.1
41.8
41.4
73.2
54.4
40.4
43.8
43.6
35.6
32.4
64
46.2
17.7
67.4
41.7
38.5
66.4
34.7
54.5
52.2
57.7
31.1
38.6
24.3
73.7
35.1
63.2
46.2
29.1
69.5
41.6
41.2
32.9
27.8
40.1
52.8
37.3
50.6
50.9
47.9
63.1
41.3
27.3
44.3
65.3
80.5
42.8
62.8
48.4
38.5
58.3
36.7
69.1
25
61.6
33
36.6
28.8
26.1
56.4
51.5
71.6
62.7
65.3
45.2
38
38.2
56.1
47.8
65.7
54
71.4
49.2
50.3
45.7
76.2
42.9
33.7
35.3
51.7
74.3
18.6
33.4
57.7
64.5
53.6
40.5
48.8
26.1
34.2
47.1
44.1
58.1
37.8
52.7
77
69.9
51.5
10.2
37.1
42.4
52.4
47.4
72
36.5
67.8
60
32.6
59.9
41.3
45
50.6
55.9
48.4
41.7
40.2
47.2
49.8
46.9
48.3
18.5
53.5
60.1
61.8
43.1
45.7
65.6
70.8
55.5
65.6
63.4
16.9
51.7
72.1
68.5
50.1
22.1
28
51.5
65.2
17.1
42.1
33.1
42.1
59
64.2
58.9
73.5
34.2
33.2
51.3
66.5
56.8
26.7
60.1
34.9
38
88.1
25.2
73.9
71.3
36.6
39.4
69.5
48.6
34.2
52.8
44.8
52.5
51.5
58.4
33.3
32.1
49.8
42.3
51.2
39
45.8
61.4
45.7
44.6
25.6
47.8
10
24.3
52.1
44.1
55
32.4
60.2
63.3
26.9
59.7
65.6
64.6
45.6
31
47.8
27.8
66.7
56.2
56.2
32.9
54.7
53.7
72.4
35.8
79.6
54.4
54.2
51.9
73.8
71.1
53.7
40.9
48.3
48.7
65.5
44.4
55.7
18.4
59.7
75.2
58.8
45.7
30.2
56.9
62.6
49.7
30.9
52
61.4
35
47.9
46.5
40.1
62.4
51.2
77.6
67.7
52.5
35
67.4
46.4
64.6
44.2
51.6
50.4
39.6
83.4
65.1
29.7
61.2
26.1
36.1
46.9
66.6
52
53.6
36.2
84
48.6
45.7
59.8
50.7
38.7
39.1
55.1
29.4
35.1
66.8
49.8
17.8
36.2
50
55.3
33.7
52.4
61.8
63.7
50.8
53.2
37.6
64.6
39.2
40.1
38.6
36.5
58.4
73.2
59.4
45.4
29.2
53.4
63.8
62.7
59
39.5
62.1
63.9
53.5
31.8
45
68
39.1
32.2
60.7
60.2
62.6
48.4
28.2
51.2
45.7
63.9
11.5
38
55.4
41.1
13.7
61.4
54.2
27.8
69.5
24.9
40.7
49.7
38
54.7
31.8
44.1
64
64.4
54.3
43.6
57.5
70
32
21.2
41.2
58.6
51.6
50.4
71.9
78.7
49.9
72.3
30.8
54.2
31.4
52.4
70.1
43.7
32.8
19.3
61.4
65.7
62.3
52.8
56.8
65
53.7
30.8
55.8
39.9
34
50
61.8
64.5
55.4
72.2
81.5
47.7
36.2
66
50.6
44.5
66.4
68.6
44.2
40.6
54.3
57.2
51.2
67.4
66.1
73.8
72
34.3
55.6
57.5
64.1
18.4
52
59
58.9
17.8
30.9
26.2
33.9
30.1
73.7
43.6
47.7
42.1
53.7
41.2
44.5
52.8
69.2
