909
40 73 56 27
79 6 85 53
49 63 87 66
22 93 28 86
39 95 13 87
41 43 29 11
84 73 56 69
42 2 46 74
79 93 100 13
73 21 39 65
47 64 12 21
77 78 1 30
83 77 92 61
49 25 45 53
96 30 8 89
0 52 37 91
9 47 60 28
97 26 12 52
6 88 65 54
81 92 59 89
19 66 7 10
83 68 9 9
18 15 85 69
19 96 88 60
62 93 27 8
98 7 12 2
17 88 86 78
15 73 74 50
93 80 66 11
92 11 85 34
65 74 10 37
61 92 47 85
48 71 26 38
100 5 91 35
90 66 31 34
100 84 85 57
18 15 3 87
43 41 26 96
92 32 30 70
57 86 15 29
58 5 8 22
62 49 12 56
76 48 15 0
43 45 56 77
28 1 72 49
64 77 19 49
1 14 30 59
98 23 19 26
26 11 93 38
73 75 65 52
44 17 19 60
74 54 59 54
91 33 43 61
72 40 42 56
13 83 96 6
37 17 50 33
86 96 80 87
29 53 69 89
79 6 45 65
1 6 35 0
28 13 24 45
47 30 11 71
82 85 49 69
68 16 37 72
25 95 8 59
4 98 54 56
80 37 5 78
67 27 42 10
88 70 87 3
41 81 31 55
14 54 51 46
9 17 60 88
19 41 61 30
87 93 1 40
61 86 79 47
93 56 63 8
96 29 88 86
81 77 98 51
86 67 75 38
99 85 41 20
87 10 78 65
33 2 22 88
65 23 98 60
8 75 83 11
49 12 100 23
12 19 30 22
74 22 96 43
32 100 12 66
86 77 52 71
30 50 3 86
68 41 68 8
93 73 8 98
93 97 67 53
46 20 96 18
73 33 89 30
46 63 56 99
88 28 7 53
12 89 97 95
23 14 89 67
76 39 8 11
8 83 87 50
54 56 50 97
0 52 55 41
85 14 41 28
57 32 26 76
3 62 87 95
19 25 68 50
60 16 60 14
79 33 13 22
55 98 89 3
48 40 82 52
12 100 20 28
85 27 41 41
68 86 37 47
97 73 50 51
18 25 50 37
64 82 76 16
12 3 48 57
78 27 92 69
46 63 89 7
16 18 29 9
24 9 37 51
75 6 89 24
5 10 25 29
3 3 85 12
47 74 14 91
64 7 60 79
76 96 84 3
13 31 62 83
29 29 89 0
19 100 73 72
28 92 70 3
70 55 76 61
95 14 73 64
79 89 84 75
90 62 98 58
12 77 31 9
36 19 45 5
32 18 96 73
49 39 18 49
48 68 15 4
7 47 92 7
58 67 95 64
92 61 56 49
56 7 17 21
12 52 65 66
68 89 99 99
68 82 85 82
98 87 70 25
84 93 75 48
65 75 2 62
73 5 61 83
44 71 65 21
64 10 45 35
88 29 99 29
18 10 95 63
42 18 59 28
74 57 94 4
64 91 55 58
7 33 72 39
74 34 70 96
71 41 16 66
75 41 31 37
76 38 11 68
63 84 91 9
88 24 0 33
57 40 85 30
8 61 89 83
27 91 32 63
99 93 99 72
91 7 63 20
51 44 31 64
2 12 33 66
10 89 4 61
88 100 5 94
86 37 60 65
34 88 64 50
3 14 76 0
13 40 51 21
5 23 53 69
63 83 97 8
25 64 52 77
31 30 54 57
25 33 97 99
45 17 13 10
25 45 75 89
12 48 79 45
29 86 94 39
74 33 23 45
11 48 82 56
61 31 93 14
68 45 15 57
12 93 48 0
99 83 50 76
90 98 42 65
4 94 11 4
58 84 32 12
54 46 99 45
41 46 76 8
94 91 46 89
93 58 3 0
95 14 6 61
8 21 75 38
41 79 1 14
27 69 57 6
93 92 46 3
6 21 35 74
50 86 6 56
67 11 83 28
2 62 18 21
10 13 75 13
65 17 32 25
55 85 79 48
15 68 74 87
20 66 21 84
28 84 63 23
51 32 51 82
15 67 1 31
64 38 10 77
69 75 27 29
65 28 33 61
12 1 40 56
86 44 2 53
6 67 0 2
54 31 90 72
21 40 81 71
61 75 96 38
60 33 26 46
43 84 68 36
89 82 66 41
98 69 70 76
75 79 90 46
23 37 95 23
44 24 55 38
5 62 1 83
100 53 90 28
55 32 40 22
80 63 50 81
50 64 64 88
23 92 44 91
99 4 46 20
95 27 54 5
92 100 12 1
0 94 23 27
16 66 37 45
19 67 6 1
40 2 38 13
47 12 7 54
65 60 36 38
11 44 57 71
60 91 96 66
85 92 34 53
42 26 67 43
72 96 97 38
25 87 56 8
23 88 6 35
3 56 50 67
42 51 95 79
42 61 47 17
93 40 36 66
48 71 55 86
14 70 77 87
68 54 35 7
78 66 57 33
60 28 68 26
58 75 13 79
30 12 100 58
21 2 59 83
96 13 88 65
57 16 62 77
25 49 74 10
73 91 16 27
29 1 72 73
46 23 87 65
95 48 30 37
94 3 60 23
49 16 38 27
48 9 29 25
38 16 9 48
27 0 37 41
98 34 10 87
8 10 7 12
47 76 68 9
78 70 93 51
46 45 44 71
18 20 83 91
81 82 29 29
14 95 10 11
72 76 17 12
25 73 70 67
74 9 43 74
20 68 66 12
48 77 94 64
90 77 27 66
35 2 0 7
87 88 37 25
91 4 12 50
14 54 13 4
80 65 11 59
76 25 63 89
13 66 44 51
43 90 12 48
75 75 35 99
35 75 60 46
93 78 31 28
85 39 96 76
39 75 34 76
25 75 98 92
96 15 21 60
40 25 72 63
16 70 14 61
22 39 70 54
42 76 17 54
20 9 78 23
26 40 20 87
31 30 70 28
8 49 17 91
97 39 4 32
1 91 4 15
99 19 29 41
40 54 54 51
66 14 30 65
41 28 95 37
22 7 46 66
52 62 42 79
15 75 56 0
27 74 16 66
39 97 3 49
91 57 53 86
72 97 57 96
23 19 16 78
93 71 39 13
20 81 68 31
98 37 67 67
18 43 95 75
98 18 40 34
54 87 97 52
45 97 81 52
42 24 80 21
87 80 19 95
24 60 39 63
29 75 37 52
58 29 27 15
14 79 35 69
82 16 3 55
54 21 64 12
28 48 95 33
53 45 59 99
6 56 13 36
16 28 44 34
36 6 35 56
40 56 13 81
5 49 69 46
28 89 2 68
32 38 71 32
48 4 59 61
94 45 39 94
84 88 60 93
71 42 14 28
0 78 29 46
87 72 86 24
36 62 53 1
4 21 41 28
40 34 31 67
1 25 14 85
11 54 57 38
28 40 50 95
55 37 76 43
50 33 15 36
24 25 2 86
65 47 85 83
93 43 83 77
82 36 3 31
71 27 81 53
5 19 28 91
65 46 64 36
2 35 36 16
71 10 10 15
93 62 17 98
94 75 9 28
42 52 46 100
76 47 52 57
72 55 100 38
70 66 99 46
63 25 58 85
48 51 4 46
5 18 63 24
96 20 100 59
13 91 21 56
37 63 52 40
69 95 38 67
71 84 58 92
31 30 35 76
93 61 26 57
59 79 0 29
2 51 64 83
11 79 87 49
85 58 61 25
74 6 33 15
79 89 27 61
76 90 39 83
100 36 43 26
33 20 21 56
71 77 21 89
87 54 3 63
27 24 25 47
100 77 87 67
56 91 82 26
29 22 24 72
85 66 70 75
94 80 100 88
29 92 89 97
85 53 89 82
34 5 1 21
96 43 26 60
28 58 84 77
56 58 95 4
10 19 47 0
50 59 24 60
60 21 56 22
39 9 6 2
5 76 35 48
0 89 31 24
48 4 42 56
25 3 92 98
69 91 71 76
49 19 54 37
89 86 95 3
35 16 13 93
72 42 39 98
91 44 10 90
92 45 8 74
23 48 43 45
23 3 47 15
17 88 69 44
57 11 89 51
19 28 94 78
52 34 92 96
57 54 17 93
64 38 84 54
68 63 90 35
92 13 10 37
28 75 9 98
41 89 35 64
38 51 16 76
89 15 0 86
67 17 60 5
76 88 29 43
89 32 87 9
99 18 43 46
44 22 97 84
37 13 49 12
39 80 74 10
55 99 82 11
65 59 85 73
50 68 29 84
4 74 28 57
57 24 89 23
25 0 19 63
79 98 59 99
6 91 86 21
38 51 49 69
41 64 68 90
45 56 87 17
55 20 8 66
15 27 94 17
76 86 45 71
74 18 50 79
68 20 58 42
80 90 97 10
13 13 92 89
79 16 96 86
99 59 9 38
73 17 23 82
8 95 42 42
84 41 98 81
53 48 97 33
67 78 35 85
96 9 60 54
37 14 24 10
93 54 57 13
32 38 39 42
17 23 9 91
74 63 69 98
11 93 33 58
9 30 63 6
1 72 48 28
63 39 14 7
18 51 79 11
65 14 14 31
92 49 45 71
62 3 61 34
99 42 41 59
66 36 65 49
89 52 97 85
32 64 78 79
59 60 72 15
30 89 50 71
47 56 60 58
52 53 22 5
88 99 24 75
61 73 22 28
57 15 76 14
26 100 71 89
6 17 75 91
5 65 42 46
5 25 41 85
3 65 53 47
80 68 14 6
30 27 44 26
63 59 57 75
81 9 75 19
28 14 16 15
96 46 93 37
4 14 71 56
82 64 13 18
11 57 81 95
39 55 7 46
56 44 55 60
41 13 45 93
12 89 54 71
1 27 46 39
0 28 42 68
3 12 21 50
77 86 49 88
2 43 52 35
65 89 16 92
54 75 22 46
61 23 40 1
97 90 31 76
20 23 91 19
93 35 51 1
59 47 7 32
38 71 17 3
60 40 10 57
79 29 14 90
19 100 34 11
29 89 52 38
65 74 47 30
37 63 88 5
40 91 86 37
33 70 39 30
0 66 25 22
23 26 73 42
57 88 52 69
97 88 56 89
64 0 30 70
95 72 44 54
47 12 79 43
46 4 74 21
94 10 47 78
0 53 28 59
74 93 91 28
71 21 6 16
42 95 20 94
29 22 28 48
44 4 56 34
21 66 5 33
84 18 8 11
62 64 79 25
25 81 64 37
56 62 92 68
34 65 96 47
43 84 44 89
27 82 5 73
87 49 2 34
1 43 4 94
64 2 80 63
17 21 65 69
79 8 96 65
27 63 55 65
76 17 84 92
37 89 48 32
63 7 68 53
66 53 6 67
31 74 99 85
48 57 61 12
79 25 16 27
68 56 12 23
54 47 66 39
72 52 83 82
51 6 23 1
44 42 31 23
4 82 63 72
64 74 64 59
56 11 99 35
19 29 59 44
59 89 53 11
19 29 52 3
28 17 8 76
82 2 81 20
35 61 39 44
82 30 85 34
51 54 7 49
21 88 48 55
53 56 86 98
97 80 60 55
47 29 79 42
21 0 5 15
37 78 10 37
14 87 51 23
45 16 38 96
23 31 63 59
95 1 94 82
40 0 24 71
83 58 37 95
61 35 68 68
44 41 17 35
28 81 87 40
13 27 11 100
37 74 28 48
59 53 50 44
12 26 72 89
49 46 29 69
65 7 36 55
96 3 62 6
66 26 15 81
79 29 92 2
52 25 90 15
46 20 28 89
30 37 1 16
92 39 37 54
5 36 93 80
88 71 60 40
14 29 30 85
100 10 30 49
54 46 77 75
69 99 55 69
29 88 36 71
71 68 84 42
86 39 77 51
3 35 9 22
81 59 2 77
62 93 54 83
95 99 22 77
84 72 54 9
83 2 15 2
12 71 23 15
99 52 23 48
19 94 87 55
13 5 4 41
19 52 81 12
100 40 8 9
2 90 49 30
65 38 74 54
79 68 54 62
49 97 47 52
79 77 63 78
89 7 45 5
13 3 92 8
65 58 15 74
97 57 63 56
20 72 95 33
96 3 2 21
88 19 36 93
31 7 45 46
78 10 14 54
70 90 97 90
33 27 30 14
95 81 85 44
64 84 40 99
43 41 30 36
90 14 31 31
19 75 82 87
68 67 1 71
31 17 57 25
95 64 65 5
60 65 3 63
9 39 100 43
21 19 53 92
84 73 63 27
54 3 12 61
81 51 7 12
0 48 66 68
85 68 5 34
11 50 83 47
2 64 54 32
11 59 88 18
18 97 52 76
90 17 80 1
76 90 7 31
30 8 8 52
99 23 17 61
5 0 30 0
10 38 44 5
58 48 26 77
72 99 10 23
2 78 73 57
7 95 22 18
85 12 78 58
68 100 46 53
9 43 42 13
83 37 51 68
42 52 62 94
5 87 68 86
86 7 79 11
50 18 17 41
22 46 89 25
89 5 20 10
85 94 25 78
85 16 92 28
77 0 63 73
49 15 20 47
78 92 24 45
55 62 56 45
81 74 77 61
28 73 27 25
62 87 66 100
11 75 36 88
96 61 22 54
94 56 33 40
61 65 70 92
85 98 34 81
78 15 48 69
90 62 24 11
36 42 17 92
52 46 92 5
70 7 73 94
0 69 87 15
41 47 90 37
20 21 24 10
11 82 71 66
96 82 38 94
66 42 45 79
63 53 18 57
31 0 25 55
25 96 55 54
9 100 43 93
90 4 25 78
5 76 34 15
75 38 7 91
81 40 94 30
5 29 1 93
74 95 47 0
44 61 56 29
32 11 73 32
28 65 68 78
35 2 51 95
76 45 97 81
68 80 51 76
65 70 39 46
8 44 60 22
92 23 58 90
26 53 78 24
97 82 62 34
22 16 84 38
51 72 31 59
40 2 99 41
29 40 21 65
87 96 59 97
40 44 71 90
7 83 35 4
30 3 88 94
14 22 62 1
42 14 25 58
40 76 53 26
64 83 76 48
23 81 92 12
70 75 48 34
14 56 54 20
99 69 79 89
66 24 4 98
4 61 68 41
73 22 70 66
66 24 65 44
33 0 39 68
91 22 53 2
79 21 22 95
6 36 37 33
33 15 34 51
96 97 44 50
52 47 29 71
10 22 2 36
62 17 61 7
83 17 2 98
4 88 49 74
51 26 43 18
74 26 37 71
92 43 23 93
41 99 95 24
85 52 70 8
4 16 75 89
55 79 12 24
47 27 78 88
6 28 42 66
41 77 32 23
19 27 92 6
18 31 8 81
9 97 33 91
37 98 76 78
26 37 91 65
79 22 8 76
5 66 15 35
37 41 55 71
66 91 55 53
48 42 84 65
26 59 68 72
70 21 28 43
97 26 68 57
92 94 7 82
34 82 51 50
31 65 7 35
18 72 57 33
61 39 68 92
17 42 85 6
24 47 50 10
27 29 67 98
40 54 71 67
43 96 82 34
29 0 84 58
46 14 10 44
65 62 50 36
42 23 30 79
92 64 65 44
20 24 7 2
23 50 43 35
33 85 88 18
31 35 1 92
27 13 1 18
45 88 43 73
46 84 41 53
33 82 10 6
76 60 87 54
15 9 52 15
19 87 38 27
8 77 15 94
26 98 7 37
43 4 59 92
1 62 40 24
40 56 46 37
51 74 63 67
57 64 34 100
25 83 19 90
88 31 0 66
85 87 10 67
97 58 40 90
13 27 76 4
15 25 1 43
78 38 43 17
61 82 27 73
58 89 46 28
86 82 27 29
43 93 66 83
81 86 62 89
45 20 35 88
52 95 66 77
79 42 12 10
31 36 68 68
43 81 16 6
43 27 76 52
59 68 50 99
30 37 47 54
45 14 35 35
52 19 5 12
97 51 8 98
86 40 39 96
46 69 60 71
99 12 29 73
59 45 29 91
79 72 37 79
33 81 28 75
7 6 88 6
60 48 81 33
88 35 40 11
28 91 1 33
42 64 51 45
46 20 70 92
57 33 74 81
98 32 91 7
96 49 63 81
90 67 88 79
66 12 56 51
17 98 28 16
50 91 83 43
85 12 41 63
78 35 26 47
26 66 61 99
84 85 48 68
42 68 28 46
55 85 12 30
52 2 72 73
61 6 47 99
58 72 13 71
8 98 71 83
66 20 89 74
86 76 47 91
91 47 80 68
23 21 63 22
58 61 6 100
96 4 53 72
72 10 65 94
0 26 0 44
42 2 89 55
60 28 67 71
23 6 92 85
12 50 0 18
28 71 31 6
66 32 5 17
4 80 7 50
24 53 38 11
34 87 76 89
8 54 8 96
98 46 14 49
9 56 40 57
48 33 27 98
23 93 37 23
3 23 81 50
62 88 69 7
52 75 69 77
