39
29.1
63.6
40.8
56.9
31.9
64.8
77.2
43
41
68
40
64.2
28.4
60.7
31.6
50.8
64.6
59.5
40.1
85.1
32.6
56
21.3
71.5
69.5
48.6
56.6
60.8
25.4
76.7
32.9
43.4
40.7
51.8
67.2
37.8
45.6
76.3
51.4
58.2
20.6
60.1
76.4
52.5
46.1
54.2
46
39.8
62.3
84.6
37.2
67.2
56.8
21.5
48.3
79.2
36.7
57.8
49
67.5
35.9
56.7
41.8
75.5
47.6
26.1
69.7
52.4
44.6
63.7
34
73.1
59
39.6
56.1
52.9
61.6
34.4
40.9
48.7
49.3
39.2
67.4
43.5
35.7
28.9
45.5
68.7
65.2
35.6
46.1
68.5
62.9
53.8
20.9
50.8
70
60.1
58.5
76.1
43.5
69
55.8
39.2
38.2
83.1
55.4
29.3
60.8
34.5
44.1
36.2
47.4
60.8
60
72.4
69.8
53.7
45.6
68.3
67.6
57.3
47.5
71.5
51
43.7
28.7
49.4
67.6
67.8
60.2
45.8
35.2
15.4
62.7
53.8
44.4
32.3
52.1
33.4
53.7
32.5
39.5
60.4
52.7
37.2
55.9
59
38.4
41
35.1
33.4
45.6
57.4
37.2
34.6
49.5
49.7
30.4
51.7
24.4
56.3
31.4
72.3
34.2
62.3
30.3
37.2
62.5
32.1
48.3
36
25
70.6
23.7
54.4
61.3
39.9
67.6
70.1
61.4
40.2
51.7
72.9
37.3
39.8
47.8
61.8
45.3
62.9
37.9
45.1
48.2
46.5
30.1
39.6
71
64.9
35
46.5
29.2
30.9
49.5
32.9
46.5
47.9
43.2
64.2
72.6
37.2
74.4
68.4
34.5
49.3
48.9
54.4
36.3
32.5
52.4
30.8
54.2
50.7
70.4
38
73.6
55.3
73
54.4
45.3
46.2
59.4
84.9
33.8
68.2
30.1
43.8
49
47.4
63.3
54.6
62.7
48.3
43.8
53.8
40.3
67.2
27.3
43.4
33
20
58.5
59.6
52.6
82
24.5
43
50.8
46.5
50.4
42.3
80.2
49
41.6
34.3
35.7
50
62.5
33.6
59.5
28.2
66.9
85.1
47.6
