274
41 1 35 67
26 25 8 55
78 63 23 95
44 37 51 31
3 10 97 84
13 34 42 33
71 55 62 70
77 99 65 75
23 90 68 0
26 83 41 23
75 43 51 97
35 42 6 76
45 69 76 62
35 44 14 28
13 82 45 94
25 40 41 21
27 41 82 42
100 100 77 5
24 53 78 69
17 68 75 2
37 96 96 99
51 31 19 35
41 89 96 4
12 30 32 11
18 68 82 99
8 95 68 95
16 98 75 11
47 62 62 54
26 95 90 32
43 66 1 11
59 65 96 77
23 32 32 41
52 81 25 31
1 36 42 69
34 75 50 50
58 98 26 94
60 36 9 53
51 21 13 91
91 34 90 81
5 78 72 44
77 73 0 94
14 2 8 50
99 74 52 33
92 14 97 87
99 12 32 69
56 38 9 82
94 54 44 38
15 29 50 74
56 2 24 70
7 42 97 78
69 78 87 97
46 98 3 25
42 78 44 100
92 33 43 63
5 23 23 30
38 40 48 61
67 98 67 87
11 12 34 73
10 54 70 80
18 23 100 36
83 91 18 91
66 22 37 24
59 61 73 36
35 57 62 16
85 69 73 76
41 56 76 18
30 45 13 24
49 43 99 72
88 15 55 51
26 44 52 50
95 60 45 64
84 5 0 54
96 67 69 66
58 36 81 53
47 4 59 39
84 45 44 57
26 60 65 54
85 7 93 51
70 54 6 26
49 4 30 71
36 80 25 60
24 41 60 61
35 77 13 43
59 86 77 51
63 75 44 9
27 9 88 7
13 7 61 22
52 15 17 90
18 81 71 92
31 100 99 31
71 35 48 0
11 50 68 45
99 77 57 54
41 32 74 87
65 60 60 36
5 80 1 12
52 49 11 91
80 72 85 47
91 25 98 25
58 20 78 65
100 33 85 80
18 96 33 36
47 76 83 65
48 81 84 16
26 41 84 2
81 92 5 7
79 50 96 95
15 73 72 54
67 30 18 15
38 38 89 63
38 52 50 5
70 35 63 14
22 27 31 57
99 42 23 41
86 35 77 45
71 49 37 83
82 70 65 75
88 90 64 50
77 25 48 63
57 12 39 67
57 82 42 93
74 96 92 20
50 70 82 29
14 21 98 37
88 94 79 38
75 54 76 8
11 89 37 42
29 14 3 64
4 69 36 80
13 85 82 78
100 26 46 96
51 82 38 74
61 15 81 21
50 54 47 1
15 29 16 6
69 30 97 46
97 40 58 30
65 25 46 42
85 36 21 6
68 80 48 27
76 31 28 12
36 45 63 62
88 49 14 3
19 27 26 75
18 59 74 76
64 57 36 59
43 5 57 35
78 20 44 77
88 51 65 39
77 19 38 26
67 96 4 24
90 27 25 14
31 16 37 43
71 46 30 44
47 69 82 32
28 20 10 82
77 42 29 7
51 60 18 73
75 91 38 17
33 20 53 13
72 8 82 37
56 12 17 19
19 60 74 61
53 26 42 10
92 34 89 68
25 26 4 76
80 41 77 50
79 26 8 23
37 38 44 30
79 37 68 63
10 11 15 78
45 15 50 71
79 80 14 0
57 35 19 3
89 75 40 86
2 1 54 23
69 50 51 51
65 96 6 91
14 10 91 26
98 72 64 48
65 8 97 88
57 43 58 80
68 25 57 15
20 12 88 63
16 83 90 87
86 48 29 6
21 97 11 43
88 85 33 11
77 82 96 4
28 44 37 66
4 84 57 94
44 48 32 33
99 56 0 47
50 17 94 22
81 9 89 6
1 19 12 75
43 41 36 40
63 49 66 96
86 6 77 78
8 5 55 53
67 80 28 29
3 17 6 78
31 47 17 34
63 45 8 85
0 67 8 57
63 36 56 33
54 61 39 44
69 3 22 74
8 70 92 70
31 65 88 90
24 78 8 48
37 50 97 93
84 60 43 89
52 47 21 28
65 54 52 33
34 83 29 56
16 85 35 79
20 22 32 61
19 1 3 92
45 64 45 57
22 18 21 55
4 90 82 36
54 3 38 93
85 96 55 59
48 22 13 67
85 70 79 63
48 26 75 60
92 96 62 56
47 78 23 75
54 57 64 13
74 28 64 22
68 73 42 62
83 88 83 86
42 85 19 9
75 14 100 68
7 22 69 12
77 1 62 32
83 21 51 43
87 6 63 33
74 16 80 71
77 46 70 30
98 22 56 73
37 53 82 19
30 75 22 54
12 95 40 68
42 8 32 69
53 100 47 75
58 2 15 36
44 95 16 36
5 37 77 5
4 30 28 16
66 0 88 63
96 43 68 38
49 85 64 22
45 77 93 99
8 44 16 31
20 18 91 27
57 86 53 21
94 20 70 9
10 62 60 60
61 8 33 62
70 85 66 98
97 52 19 45
67 66 11 39
21 50 67 0
4 14 29 78
84 43 16 66
46 85 68 53
21 24 53 29
41 90 89 22
16 5 79 1
34 86 47 96
88 90 90 75
31 60 74 24
