52.9
26.2
42.2
69.3
32.4
43
47.6
64.4
63.4
56.3
38.1
35.1
35.8
24.6
70.6
41
40.4
61.2
57
29
51
61.1
67.4
71.5
41.2
55.2
43.3
36.5
42.7
60
58.9
41.3
37.8
63.1
56.2
71
60.5
64.2
51.8
85.3
60.9
64.7
46.2
51.7
45
51.2
62
48.5
36.3
56.3
46.6
55.2
71
46.4
55.2
63.2
62.2
30.4
52.9
47.3
59
35.6
66.3
41.6
82.6
57.3
46
54.7
47.8
49.1
38.4
46.8
65.2
41.9
41.9
54.9
36.8
25
62.2
72.3
61.9
65.2
54.8
75.6
63.5
41.2
67.6
44.6
25
39.8
44
38.4
37.8
67.6
64.6
38.9
56.7
48.9
45.6
46.8
66.7
39.1
41.3
27
45
50.4
54.7
47.9
39.8
54
27.9
37.7
47.5
41.8
38.7
61.9
64.5
35.9
42.9
51.2
61.1
69.8
49.6
40.3
61
46.2
58.2
37
35
21.7
60.9
58.2
64.6
65.7
59.2
64.9
66
49.4
44.2
52.7
32.8
62.8
39.6
42.3
57
44.6
32.1
44.2
29.2
68
37.3
42.9
47.3
36.6
48.2
62.6
81.2
38.1
55.4
52
52.5
48.2
16.2
49.5
44.4
56.8
19.1
39.5
38.9
45.8
74
39.9
73.7
66.1
42.7
52.2
27.5
45.7
51.4
58.6
45.7
33.2
37.5
46.3
51.8
40.4
72.4
20.7
30.5
53.6
43.6
38
56.2
64
51.9
76.9
45.4
37.2
54.8
28
40.8
56.4
50.4
54.1
68.7
30.9
83.3
43.1
26.8
70.5
69.5
42.6
39.3
61.3
33.7
58.1
48.9
34.5
59
30.6
58.2
48.2
35.6
42.9
55.6
56.4
48.6
48.5
27.8
47.9
61.9
65
64.8
41.5
57.9
75.7
65.8
44.2
35.2
46.5
58.7
54.4
60.9
56.3
49.5
50.4
40.3
43.7
55.8
67.6
6.8
44.3
44.4
69.2
15.9
17.7
48.7
60.7
49.5
60.4
73.3
60.2
67.3
46.6
47.5
63.4
72
28.5
64.9
40.1
30.8
37.8
46.1
57.2
32.5
48.6
49.1
82.9
43.4
33.2
33
66.6
36.7
53.6
27.5
55.3
60.6
34.8
63.6
34.7
71.5
52.3
31.1
60.3
51.5
44.2
52
25.7
50.4
23.8
30.4
61
31.4
51.9
85.1
72.2
27.5
48.9
65.6
35.1
35.8
40.7
34.4
75.2
45.7
56.9
51.2
55.3
43.3
39.7
58.9
59.9
39.6
31.6
40.3
69.9
67.7
66
40.2
53
44.6
33.7
42.8
59
63.7
57.3
29.6
57.6
49.8
33.6
56
35.7
52.7
35.7
29.2
77.4
31.5
40.5
57.7
67
44.3
47.4
42.8
43.3
51.9
44.1
65.1
77.2
48.2
60.2
24.4
8.3
50.9
55.8
40.7
43.7
60.7
55.8
57.6
49
42.8
66.7
81.5
23.7
78.7
39
76.4
41.1
49.1
51.5
52.4
37.2
59.7
69.3
60.2
63.2
35.9
52.6
46.3
30.1
26.2
24
31.4
35.3
31.4
80
60.3
38.9
47.3
43.8
75.7
75.5
61
76.5
50
53.8
21
51.6
48.9
48
47.9
33
67.5
68
76.5
64.2
62.9
43.1
20.2
47
36.6
37.4
48.4
36.8
48.1
29.8
45.5
48.1
40.4
72.2
53.2
52.2
46.5
21
35.9
31.2
26
75.2
75.9
49.4
31.2
54.6
22.8
39.8
74
40.6
48.6
55.7
37.9
41.6
58.8
47.6
41.7
43.6
66.1
36.1
48.9
60.9
69.3
89.8
25.2
40.9
65.3
52.4
30.2
47.9
34.9
28.9
55.3
56.5
64.3
28.7
48.4
42.1
55.5
55.8
70
40.2
59.6
83.9
58.5
45.7
53.3
50.6
28.5
64.7
56
34.9
41
46.4
50.4
45.1
44.1
46.4
60.5
70.9
65.5
56.1
60.6
57.5
32.8
46.6
35.5
42.2
41.9
38.7
52.4
45.1
68.4
34.9
38.8
