511
22 55 43 82
65 18 32 0
53 20 50 42
60 87 52 81
0 48 51 25
59 51 11 59
10 42 59 65
62 65 71 59
74 72 76 38
86 23 77 38
25 26 13 80
37 14 25 58
19 34 12 72
3 18 59 9
91 34 96 56
45 100 10 30
56 11 41 49
38 94 95 21
30 81 50 66
74 29 1 27
95 7 29 73
81 46 40 79
78 70 76 50
76 88 65 64
26 18 33 75
36 57 47 75
74 39 21 48
47 32 38 31
17 99 23 42
44 40 88 56
55 85 31 72
17 23 66 45
18 9 78 30
4 79 56 99
16 100 83 27
47 59 97 69
64 24 62 81
24 78 72 74
20 32 52 86
75 95 87 84
14 22 97 82
73 69 79 42
87 45 34 32
1 91 43 68
43 92 23 37
83 26 35 63
71 38 69 65
74 77 23 38
18 18 41 56
17 20 88 75
64 34 31 59
87 57 71 17
33 73 69 97
59 20 70 32
71 61 19 77
54 22 93 67
86 21 100 36
9 11 59 29
94 64 3 68
81 13 55 40
22 69 81 55
34 60 45 11
27 42 75 100
8 32 21 91
80 51 94 94
73 5 75 64
18 44 71 41
34 16 92 57
91 52 18 46
31 36 77 42
88 35 15 31
49 50 46 44
77 12 95 63
30 16 39 70
77 56 24 27
16 53 48 89
40 0 26 70
14 12 59 7
37 4 95 85
52 65 99 64
67 88 37 66
86 57 82 40
17 32 81 69
88 20 94 86
20 35 92 83
17 51 31 61
97 19 96 52
29 8 59 65
2 24 49 17
4 78 52 26
43 84 0 62
34 11 23 75
91 26 2 46
63 5 81 99
91 94 70 22
62 5 26 59
47 34 100 35
56 34 3 100
71 10 3 95
28 80 36 48
54 47 68 87
98 18 14 39
48 100 8 31
26 76 0 22
16 80 40 46
5 7 90 70
100 70 40 29
64 48 76 9
72 55 20 28
23 58 99 27
38 55 30 1
1 30 49 56
19 49 33 80
33 14 31 77
45 42 49 22
97 28 54 69
78 24 94 53
58 75 22 9
11 7 93 38
25 84 11 87
22 30 85 84
51 97 53 81
75 8 54 56
12 26 34 75
73 76 7 97
16 47 42 70
76 86 56 30
43 37 23 47
61 57 31 7
32 33 5 24
91 2 46 95
33 57 82 52
76 49 97 35
42 78 73 66
65 93 66 26
66 83 54 63
78 90 84 24
27 91 9 77
62 39 33 47
57 61 13 84
36 47 38 16
37 64 92 50
53 67 16 36
65 10 77 14
73 53 87 19
17 5 83 51
33 15 56 19
11 3 40 98
13 13 34 46
56 44 66 94
56 9 33 48
19 53 77 18
1 30 53 84
74 58 17 17
24 16 93 41
73 21 80 66
62 71 96 86
13 5 75 40
56 80 10 84
4 76 22 98
36 72 6 97
63 19 27 79
0 42 10 16
92 10 60 37
2 73 57 41
99 32 42 60
36 40 10 3
27 10 80 27
91 12 56 5
44 41 33 63
84 100 79 45
46 53 19 48
97 3 99 80
36 86 70 69
81 71 4 37
93 3 100 10
27 28 33 22
23 39 53 58
71 78 70 2
45 80 81 31
60 17 33 68
3 88 35 15
36 21 13 74
80 42 13 60
85 54 74 6
16 21 69 41
47 96 86 60
6 78 1 12
4 51 26 39
98 53 75 3
68 48 53 15
14 71 1 69
44 51 26 98
99 47 23 93
69 90 67 0
64 85 94 63
73 43 48 26
53 19 49 27
85 66 78 4
22 67 12 22
50 52 8 60
58 77 68 30
54 51 49 49
24 95 7 94
50 28 86 91
84 45 10 7
98 71 82 83
11 5 60 73
46 22 5 39
87 93 35 80
52 72 88 61
2 85 42 42
65 7 72 11
88 73 8 89
33 17 74 5
20 89 67 54
26 28 43 84
57 12 33 36
76 18 42 92
1 11 5 89
79 32 57 63
41 38 22 86
94 0 34 22
44 40 45 42
37 76 21 89
59 97 11 73
83 76 9 47
73 12 68 37
18 13 61 11
67 12 37 70
56 39 50 93
58 96 56 58
49 74 37 97
6 29 85 30
80 34 64 53
79 70 95 58
89 90 55 45
3 26 51 77
29 57 6 54
46 32 92 11
93 16 38 85
29 39 44 92
73 35 69 62
83 29 67 46
2 46 64 69
50 67 25 65
26 30 38 59
61 21 26 65
48 75 22 82
19 73 100 64
13 6 2 8
43 75 39 30
21 69 70 18
48 73 65 85
3 21 27 10
34 29 4 13
92 72 39 14
83 93 55 30
97 98 16 19
6 83 67 75
41 51 91 92
61 93 38 60
99 62 33 84
34 70 17 69
53 66 21 58
88 100 42 44
96 21 78 84
24 0 28 51
42 65 99 46
0 13 83 42
17 95 3 25
84 54 34 0
60 64 11 60
46 96 14 82
84 17 15 26
14 40 63 63
35 44 46 65
90 62 78 97
26 50 44 50
93 4 27 19
6 36 64 18
78 30 76 74
61 43 19 34
36 52 44 76
9 7 81 0
44 54 39 80
57 93 34 68
54 12 21 51
88 80 2 98
5 32 70 21
94 82 98 23
92 33 43 48
54 49 2 33
38 7 84 87
68 68 38 43
7 58 73 31
86 48 82 2
6 31 55 6
65 58 71 15
63 41 4 6
16 46 54 6
33 77 39 91
48 31 45 7
77 13 95 18
88 96 71 90
96 31 80 76
10 30 64 1
75 30 44 49
64 87 91 27
40 2 88 1
37 28 8 68
85 54 37 6
93 4 24 26
59 92 64 86
10 61 60 45
94 45 90 7
83 17 4 100
47 99 23 64
37 4 30 87
6 92 5 62
53 45 41 90
56 35 75 64
81 54 26 16
60 8 19 41
72 8 55 26
31 83 100 57
58 84 84 47
69 60 63 71
76 68 16 22
24 16 71 79
87 100 7 17
81 26 13 28
54 19 89 5
87 28 42 78
66 86 93 18
67 56 57 52
44 62 1 27
47 10 89 65
29 70 35 65
49 26 4 58
61 66 21 81
98 7 18 31
74 50 78 15
32 10 58 33
9 20 9 69
99 72 99 45
16 35 2 69
69 60 38 11
87 8 72 57
68 81 32 92
94 51 21 30
13 14 90 50
91 48 30 20
83 45 35 24
68 16 47 70
75 60 8 49
76 20 62 91
57 74 83 87
4 27 79 61
83 80 87 5
12 32 24 28
0 28 2 7
34 81 87 6
23 46 88 52
97 27 0 53
32 53 71 18
85 70 97 2
49 92 69 23
19 29 92 68
46 49 40 60
80 14 39 41
65 87 25 96
91 60 78 93
77 1 25 2
70 97 65 86
97 32 44 0
81 55 89 75
49 11 30 67
84 37 16 67
42 19 93 38
91 15 82 22
61 20 38 32
81 45 53 62
50 88 60 79
56 62 42 80
3 91 79 69
9 79 40 21
56 54 79 23
18 59 31 72
89 0 26 15
37 4 28 32
14 1 10 60
46 15 64 0
34 36 31 40
79 3 6 44
100 60 86 74
50 67 51 72
32 80 55 0
62 83 21 40
21 57 90 4
87 89 91 44
80 68 92 61
96 41 28 84
77 85 81 66
48 70 13 75
99 2 91 21
75 0 12 8
76 38 75 21
10 26 48 91
8 97 86 4
72 55 28 47
34 65 10 34
6 72 80 93
20 95 91 59
47 91 65 98
71 85 41 69
71 35 45 94
14 38 13 96
55 7 17 9
36 52 56 42
28 23 10 78
2 95 26 34
77 81 14 42
92 35 26 12
61 43 24 67
34 40 24 26
78 10 18 75
30 83 11 74
95 56 17 17
8 86 83 95
73 10 54 68
80 34 74 24
97 5 29 58
24 0 14 40
5 83 33 28
17 91 23 9
18 85 13 5
89 95 47 81
68 94 76 69
43 6 87 45
41 1 2 74
95 43 40 50
39 45 18 2
41 59 2 64
87 43 92 68
51 23 25 61
5 67 71 43
84 46 23 76
43 4 29 66
24 73 48 26
98 61 17 73
2 80 87 17
20 49 89 4
49 16 46 56
58 13 100 73
78 8 27 36
80 13 20 81
83 58 25 84
84 90 16 99
97 94 72 100
28 44 13 23
65 15 10 73
68 71 81 44
0 61 60 74
7 33 29 45
78 85 13 38
30 41 43 26
39 8 3 62
79 22 92 25
46 55 58 63
8 81 65 90
14 41 33 26
12 89 8 86
37 13 22 85
47 76 98 5
91 62 50 34
42 59 89 77
71 64 22 22
98 41 13 93
72 79 99 80
3 87 79 56
37 34 85 20
41 80 66 31
2 89 32 76
18 33 21 40
3 61 94 79
19 12 83 83
62 15 6 59
22 72 72 2
80 89 16 26
16 92 92 4
24 68 51 38
13 47 97 10
92 47 40 22
49 99 40 63
94 67 35 94
91 13 89 60
90 42 49 50
62 88 29 73
100 36 68 33
12 65 24 34
52 4 28 90
14 57 10 61
0 73 56 36
82 60 10 35
67 35 20 41
24 55 61 61
12 95 31 48
64 47 100 54
25 31 33 46
43 85 31 13
