63.9
21.7
32.9
41.6
53.6
30.6
67.4
45.6
62.8
49.9
56.5
56.3
60.1
47
53.1
47.9
59.2
64.8
26.1
44.1
62.2
65.2
63.4
72.1
71.8
52.2
39
47.4
62.9
63.1
74
47.5
33.3
33.7
57.1
72.1
62.7
32.6
41.1
70.5
61.1
29.4
65.4
57
57.6
63.2
33
40
28.4
66.8
65
42.9
49.6
45
63.8
63.1
38.4
84.9
47.1
37.3
54.4
29.3
82.8
22.7
57.5
41.4
52.7
37.7
68.8
43.4
56
38
27.9
41.9
86.4
52.1
76.4
29.2
39.8
38.6
72.4
51.1
47
45.2
54.2
27.8
26.4
45
48.9
57.9
42.2
51.6
36.6
56.5
58.3
58.3
34.9
73.7
34.4
58.8
67.5
67
29.3
47.3
54.6
53.9
63.7
76
12.3
41.3
64.1
55.8
70.3
55.8
78.9
16.7
71.3
40.7
63.4
52.7
68.4
63.1
25.9
4.6
49
71.1
70.2
73
40.1
42.7
53.7
33.7
76.7
77.3
45
36
55.7
66.5
24.2
50.4
64.8
48.1
62.7
71.2
45.8
53.9
38.8
70.7
43.2
53.4
43.6
16
59.6
59.5
20.1
55.5
68
58
57.8
74.1
22.4
48.3
29.8
61.4
65.3
67.8
47.9
64.4
32
64.8
42.2
25.9
43.2
70.6
65.6
39.3
17.2
60.1
41.9
46.4
41.6
53.5
53.8
57.2
22.8
58.3
37.2
32.6
71.5
65.7
14.7
68.6
54.1
41.9
42.1
53.1
66.4
39.8
70.1
58.7
59.5
57.2
53
46.1
19.3
68.4
47.5
51
32
53.3
36.4
14
48.7
82
62
22.7
72.1
40.4
63.8
52.9
53.6
37.6
36.6
36.8
56.4
28.6
56.2
22.2
55.4
29.4
52.2
62.5
54.1
59
32
33.1
59.1
47.9
28.9
54
70.1
48.7
63.9
61.5
35.7
40.4
42.7
12.4
76.8
52.6
46
53.5
50.3
52.8
71.6
67.8
51.4
24.4
59
66
45.8
54.4
49.3
61.4
34.8
41.5
58.7
36.9
52.4
53
55.3
49.9
26.7
57.3
36.8
63.6
54.5
44
68.8
65.2
62.6
35.9
36.9
52.1
29.8
54.4
57.5
43.1
76.1
79.4
84.8
57
34.9
38.8
60.6
38.4
59.7
63.5
52.4
69.4
56.5
45.1
16.4
39.3
38.4
47.9
44
48
19.6
48.8
81.2
55.9
39.2
49.2
54.1
40.5
38.3
42.7
58.4
66.2
37.7
18.2
43.2
35.5
37.6
40.9
50.3
85.2
50.7
45.1
50.1
57.4
44.8
50.9
43.7
50.1
59.8
63.7
52.6
55.5
25
45.6
30.5
60.3
58.8
23.3
38.9
63.9
47
40.4
52.5
60.5
35.3
37.3
40.1
42.9
71.8
53.3
52.3
63.5
72.1
26.3
57.6
52.3
50.1
63.1
68.6
46.7
60.2
51.9
62.3
36.3
33.8
27.1
49.3
65.1
41.5
66.5
61.6
58.9
30.2
59.1
28.2
36.9
35.3
47.9
29.4
57.6
34.1
54.8
74.8
72.1
58.6
24.7
42.8
40.3
35
76.4
73.5
41.7
34.4
34.9
61.6
51.8
44.5
55.5
52.6
34.3
53.4
41.7
58.3
44.4
71
61.8
45.2
64.3
60.7
54.7
60.2
69
59.9
47
33
44.3
46.7
62.6
37.4
48.6
52.6
54.7
25.3
66.4
35.5
54.8
60.4
68.1
50.9
67
43.3
64
34.6
46.7
54.2
48.1
32.4
32.7
68.2
46.3
41.6
62
48
45.2
24.7
44.6
19.6
50.7
33
85
21.7
32.7
40.4
20
28.6
34.8
21.5
33.5
33.2
73.8
25.1
48.3
57.7
33
60.6
45.5
52.6
50.7
66.9
59.9
38
45.9
47.1
57.6
47.4
47
