484
98 64 18 87
35 24 8 25
54 91 0 13
3 7 35 97
47 95 70 14
37 50 13 31
95 71 24 90
10 53 95 15
96 98 15 65
20 57 21 94
6 50 60 91
11 86 93 30
84 92 48 35
97 66 32 16
50 43 20 95
8 38 36 93
72 59 98 12
61 41 57 91
5 4 74 7
58 17 4 93
100 61 37 63
75 65 60 64
82 73 8 100
82 61 83 62
80 93 53 71
85 2 73 43
83 37 32 18
45 15 69 49
42 7 91 86
82 22 67 74
78 100 59 69
94 19 33 50
3 27 42 49
67 61 10 17
16 79 82 45
75 74 95 46
62 52 60 73
27 64 22 26
30 21 25 78
85 98 96 17
33 79 88 41
32 25 42 18
98 97 73 15
42 69 86 30
9 72 87 51
45 85 69 55
27 0 15 77
32 3 88 22
30 82 13 7
97 81 4 100
41 23 97 77
20 70 60 23
30 53 32 78
56 55 64 12
96 97 5 79
72 59 38 85
46 14 50 38
77 73 90 93
75 30 65 22
30 68 30 29
57 50 77 33
72 55 10 3
91 80 83 79
37 45 4 17
23 59 99 38
48 60 60 6
65 5 85 44
57 82 7 26
96 56 78 50
51 55 56 18
26 8 89 75
36 28 34 50
6 24 66 7
57 88 23 20
42 99 100 94
57 10 59 70
85 84 63 79
68 24 0 36
100 18 36 18
77 74 4 24
45 77 63 97
14 78 42 67
33 49 47 55
97 18 55 19
87 82 42 26
2 98 17 9
34 17 20 34
35 49 53 41
42 3 81 52
71 88 87 0
25 63 59 23
50 13 82 48
68 28 6 52
67 34 22 99
24 29 65 94
28 70 55 74
45 11 73 6
71 74 94 55
36 10 49 35
1 92 79 55
92 67 90 29
20 69 79 85
75 10 2 39
50 11 19 98
8 34 74 80
70 66 39 50
28 25 82 95
80 72 74 78
11 28 8 7
21 55 57 30
98 23 58 75
1 23 78 92
68 39 79 84
34 83 98 10
80 88 78 73
0 1 30 25
6 94 86 85
57 67 10 43
82 58 88 30
25 54 62 61
61 14 81 97
56 33 57 94
21 17 43 18
2 6 5 5
53 9 33 89
77 70 55 84
72 54 51 99
32 78 75 95
96 70 6 17
96 44 0 49
48 81 25 68
70 82 5 6
47 74 80 95
26 89 84 97
96 30 32 34
69 69 9 19
86 89 55 14
58 72 47 88
54 1 23 21
47 10 46 84
52 98 54 62
34 61 88 9
5 31 93 92
48 98 49 91
74 35 75 5
47 62 55 52
67 46 11 43
100 36 95 50
63 51 60 8
9 84 97 19
20 96 60 8
1 22 22 16
17 71 85 55
98 66 1 88
35 10 21 16
99 72 67 4
81 58 89 45
38 87 10 100
96 10 23 99
65 61 70 93
64 15 1 21
63 60 9 70
12 80 37 1
56 77 37 79
74 80 46 69
95 34 45 95
52 66 12 69
66 73 29 93
0 4 59 45
80 49 45 85
68 14 57 29
58 19 16 19
22 95 2 64
67 22 95 81
35 41 93 75
15 54 19 66
59 6 14 0
80 66 80 23
91 45 43 6
28 3 86 48
78 31 6 60
20 60 72 53
41 30 94 38
23 38 93 57
1 8 50 20
2 66 74 75
72 24 20 40
19 39 46 24
92 48 64 81
72 72 43 80
10 35 5 14
79 72 81 47
83 57 82 5
8 83 7 72
5 0 48 89
28 14 93 56
88 82 30 78
58 3 22 70
90 19 99 62
87 94 64 11
26 99 85 30
90 37 10 96
57 28 67 53
45 7 96 23
4 10 50 5
38 100 60 76
42 35 63 44
19 56 79 41
23 29 67 5
66 4 46 85
6 62 48 28
13 30 4 14
56 63 77 6
61 97 73 95
48 25 59 99
9 7 50 15
7 100 77 92
42 58 57 11
100 33 57 67
4 49 46 95
82 66 24 56
29 15 94 2
54 12 15 63
31 3 69 31
81 78 41 41
33 5 23 47
100 64 26 52
21 69 2 12
45 55 99 19
24 15 54 18
85 50 57 27
45 68 79 54
29 3 63 96
32 17 95 69
15 52 29 33
24 44 37 28
25 98 73 42
21 73 21 76
42 8 52 11
65 25 30 90
60 31 100 73
90 32 62 19
68 94 40 65
53 70 23 100
14 70 20 43
31 0 95 19
70 40 45 24
21 5 23 1
99 69 82 62
83 90 18 42
94 97 13 13
62 39 93 18
29 62 82 25
36 87 58 36
64 96 79 53
71 73 50 80
39 2 86 58
8 24 8 52
93 88 9 67
31 47 87 81
84 4 18 76
50 51 59 55
58 82 60 11
21 40 83 81
0 81 27 35
11 93 56 13
85 57 100 1
68 10 19 52
89 44 56 30
81 25 69 37
99 41 1 90
33 23 53 76
21 54 37 2
64 14 57 82
0 67 57 21
98 22 100 32
36 91 61 36
99 16 2 68
54 77 72 70
47 99 51 69
41 38 70 86
74 20 41 16
41 97 6 25
36 88 85 6
50 21 13 39
69 53 1 99
24 85 95 24
18 13 55 68
13 87 99 88
55 87 89 81
63 94 100 78
92 79 60 16
1 37 84 7
34 67 4 58
40 86 51 67
70 29 47 15
21 33 68 95
16 45 71 100
70 18 45 71
71 81 30 100
63 50 78 35
15 5 41 96
2 77 0 2
25 89 50 5
74 22 51 13
34 63 76 19
33 34 51 51
8 1 93 61
16 67 2 8
46 75 31 51
96 28 89 99
60 38 85 36
29 62 23 47
51 90 67 3
48 71 30 71
34 74 26 37
50 83 38 1
58 10 7 90
77 59 78 26
57 10 100 76
6 58 8 75
23 65 2 0
12 45 99 7
66 65 8 23
16 61 16 58
99 53 34 1
87 16 28 71
60 69 100 98
80 40 6 83
8 57 58 49
17 100 87 2
80 60 92 6
17 51 66 38
97 99 3 36
32 47 33 60
86 37 56 29
76 16 59 79
16 34 93 86
32 69 29 79
76 86 32 45
47 33 25 5
36 39 57 45
21 13 54 25
78 69 41 62
88 95 10 64
11 8 40 25
64 18 45 30
13 53 84 85
71 2 15 93
1 45 73 31
64 92 14 57
9 37 78 93
0 37 44 49
41 63 27 28
76 57 25 20
88 20 22 49
81 50 100 52
7 84 89 28
34 58 13 100
55 27 95 62
79 40 86 75
15 52 22 21
39 60 58 68
37 67 81 24
30 90 13 74
3 86 90 61
49 48 73 91
85 3 56 41
96 85 64 16
65 82 18 57
83 98 54 33
70 32 8 45
30 10 75 11
27 2 26 45
68 0 23 96
98 64 62 47
76 1 37 50
42 49 87 74
1 49 97 75
76 55 99 10
33 31 0 58
99 93 69 0
24 48 18 28
1 32 79 22
2 32 23 72
28 15 42 89
13 38 35 29
45 33 81 59
7 63 28 39
73 81 23 57
94 67 80 62
69 95 78 53
2 54 72 86
16 1 14 57
70 30 29 47
4 13 97 26
88 24 25 17
84 100 35 97
90 84 33 96
29 7 48 67
81 13 36 16
18 83 3 46
36 95 22 96
67 12 49 71
82 79 1 40
32 64 68 53
84 17 87 21
28 25 66 13
65 40 16 92
28 26 61 42
47 78 84 27
81 60 19 35
57 73 74 76
69 87 33 69
42 40 54 42
25 88 79 60
7 73 77 72
10 4 79 94
10 36 79 91
79 38 86 66
84 91 7 76
58 21 96 8
33 18 32 44
31 78 4 71
65 62 56 15
81 58 34 82
65 29 53 9
50 19 94 22
44 78 69 25
0 38 97 60
14 57 36 1
91 37 52 84
22 82 19 30
78 28 31 81
63 80 6 100
88 62 95 32
95 56 26 43
86 72 99 19
17 78 3 78
65 84 92 22
43 37 24 38
76 30 28 57
62 11 67 65
11 75 20 83
62 19 49 5
44 76 8 21
59 54 56 96
16 73 1 94
48 55 59 11
95 11 80 56
21 69 28 72
71 47 31 41
43 25 16 21
61 33 11 75
41 18 18 8
13 74 97 14
8 70 20 38
99 80 75 89
15 26 14 31
4 8 75 26
16 33 70 32
9 4 11 47
23 27 38 24
72 66 21 3
10 78 9 4
57 16 42 21
29 65 32 16
90 72 67 71
39 52 14 9
26 34 58 63
99 62 24 61
25 53 16 42
78 51 53 63
100 18 57 16
46 22 55 75
1 29 50 99
66 42 52 99
47 86 26 85
68 41 17 37
18 18 62 67
98 67 24 23
78 45 59 51
2 49 34 90
22 12 66 68
