69.1
31.2
66.8
22.9
33.2
44.1
29.1
67.1
38.2
38.4
56.9
67.9
58
53.1
74.9
39.6
37
45.2
38.2
33.2
73.4
38.5
45.6
60.3
56.6
61.5
41
55.9
66.8
29.6
64.5
41.3
29.2
61.9
71.3
60.1
35.1
47.6
11.9
63.2
61
55.2
55.4
30
35.4
59.6
56.8
37.6
35.3
39.8
59.1
39.3
48.1
91.7
76.3
44.3
31.4
52
64.6
50.4
52.9
52.7
24.2
37.3
37.5
65.6
39.2
42.8
62.6
56.2
31
32.1
57.9
40
49
52.5
22.2
62.9
40.9
55
52.7
78.5
48.9
64.4
33.8
42.5
47
41
59
42.1
51.5
36.2
26.6
65.7
33.5
49.7
46.7
36.1
78.8
47.1
42.3
59.6
31.1
66.6
62.8
51.7
41.4
26.1
53.2
87.4
59.5
31.2
39.5
74
73.6
64.1
83
45.3
38.8
50.5
58.2
58.7
62.4
64.2
65.9
58.5
53.1
43.8
29.1
40.3
50
44.7
34
61.2
58.9
72
66.4
40.5
81
56.1
45
41.6
53.3
51.7
59.2
45.8
34.3
28.9
60.5
52.2
39.3
47.3
26
60.3
59.4
71.6
29.5
52.9
66.9
40.2
64.9
44
29.8
49.7
54.1
44.2
62.7
71.1
56.2
39.2
62
67
63.2
59.6
72.7
68.7
63.3
43.2
59.2
51.3
79.3
61.9
49.8
54.5
53.6
47.2
57
51.1
48.4
27.5
76.5
49.3
77.4
34.6
47.9
48.2
67.8
65.4
85.1
28.1
59.3
47
53.1
56.6
49.2
46.1
32.8
65.8
59.3
54.5
68.9
34.7
41
24
46.9
58.1
45.7
39.8
71.6
53.1
47.3
41.9
33
48.1
55
44
69.5
29.8
48.9
48
37.4
38.6
65
30.4
44.6
82
50.3
52.9
36
33.5
60.4
48.6
62.5
48.3
43.3
52.6
44.2
61.2
52.9
36.5
49.1
54.5
31
38
51.8
67.3
31.6
67.6
38.3
40.2
61.3
70.4
63
37.6
53.5
46.2
73.4
33.1
26.9
74.7
67.2
48.4
77.1
48.6
64.3
56.9
19.8
55.7
46.5
44.1
47.5
33.9
64.1
51.9
35.2
49.6
39.9
52
31.2
47
42.6
67.2
12.5
41.4
40.5
40.5
38
69.4
43.9
47.2
55.1
63.9
47.3
59.9
29.2
45
50.4
31.4
64.3
52.1
40.6
50.4
22.4
36
71.3
66.1
47.3
46.7
44.9
42.1
45.4
28.1
50.9
51.3
27.9
48.3
62.6
47.2
67
20.2
67.5
51.1
58.9
73.5
45.7
41.1
58.4
29.9
48.2
60.1
35.5
25.6
53.6
59.4
59.1
52.4
59.2
25.7
51.3
64.2
60.8
61.7
52.6
46.5
59
54.3
56.5
60.1
39
60.6
67.9
26.5
53.5
24.8
47.5
55.8
47.2
63.2
61.8
23.4
50.7
59.7
27.3
25.7
44.8
57.8
18.1
57.5
68.9
31.9
38.1
26.7
61.6
64.5
31.1
42.2
42.3
37.2
54.2
53.2
35.1
31.5
45.5
45.2
44.9
33.6
33.4
69.7
36.4
70.4
66.1
49.3
68.1
58.3
58.6
40.1
64.1
38.2
63.1
71.5
41.8
58.2
49
38.4
55.5
67.4
37.7
45
23
37.2
30.6
40.2
57
37.2
61
52
39.8
44.1
28.4
43.3
28
69.3
53.6
54.6
79.2
40
65.5
52.3
55.6
56.9
63.8
75.8
51.5
51.8
39.4
34.8
44.8
44.5
45.3
55.6
42
53.3
50.4
59.5
76.4
74.7
39.2
43.4
37.7
57.7
59.9
65.6
64.2
37.8
37.4
35.2
29
32
59.6
30.4
74.2
16.1
37.5
57.8
39.6
53.5
28.6
26
58.6
53.3
37.4
38
27.7
34
48.3
62.9
47.2
31.2
46.3
54.4
45.9
30.9
49.8
57.4
60.9
27.1
53.4
57
29.4
58.2
77.3
49.4
74.4
48.4
47.4
55.6
43.8
47.1
36.1
28.5
28.2
37.4
62.8
69.7
37.2
61
47.5
46.1
41.3
51.2
56.3
55.5
45.4
70.7
27.4
49.8
33.2
59.4
19
46.6
29.3
41.2
62.1
63.2
53.2
38.5
29.2
25.6
44.1
35.4
17.8
16.6
26.9
40
31.9
52.9
17.2
60.2
67.1
14.4
43.6
33
32.3
60.3
26.9
34.4
46.9
58.7
57.1
35.1
84
47.1
40.4
69
71.2
34.2
59.4
15.9
46.2
79.3
56.5
81.6
13.1
49.1
51.2
71.5
59.4
41
36.1
62.9
24.9
71.8
50.7
68.8
47.1
24.5
68.3
66.7
36
34.8
84.4
42.1
22.1
70.5
70
52.9
57.5
46.8
42.8
39.6
36.3
68.3
50
56.4
55.8
43.4
63.1
37
64.5
69.4
39.4
59.5
53.8
60.2
46.7
50
37.2
30.2
46.9
52
55.8
63
81.1
67.9
49.4
27.1
46.8
67.7
53.1
63.9
49.1
33.3
52.5
49.9
46.2
69.1
44.4
62.4
64.5
41.8
60.4
55.9
40.6
41.8
51.9
37.7
59.9
53.6
71.3
46.4
58.3
24.3
38.7
43.6
21.3
48.7
47.3
62.5
60.5
17.8
52.5
51
45.2
57.7
65.2
26.7
19.5
48.8
44.3
53.2
48.8
39.8
55.5
23.4
22.9
48.7
50.4
49.7
20.8
45.4
57.5
62
50.4
56.3
29.7
39.6
30.4
62.7
38
52.1
58
27.3
49.5
74.2
67.3
27.3
53.2
43.9
31.4
74.6
44.5
23.4
51.1
73.4
32.4
42.4
31.7
60.2
70
50.2
81.2
16.9
49.4
33
45.5
21.2
62.7
51.5
48
26.6
43.8
52.8
28.9
54.3
54.8
37.8
43.2
62.8
29.6
52.9
61.8
37.3
57
33.8
60.6
39.2
43.6
64.9
65.5
76.2
37.8
63.4
57.7
52.1
18.8
55.9
34.3
53
29.2
50.7
67.5
47.4
67.5
71.1
