754
74 24 91 74
79 32 5 25
42 97 51 79
6 26 29 26
55 63 19 13
64 2 36 67
67 11 1 44
94 9 74 81
56 9 51 33
18 72 2 66
41 65 80 39
21 53 85 92
98 72 25 55
19 92 93 10
85 54 93 64
35 19 73 23
56 0 40 46
22 42 20 88
15 56 71 9
6 10 34 66
100 81 94 30
1 31 85 22
4 14 73 67
7 95 85 48
61 48 39 77
86 55 75 36
82 0 0 82
26 45 66 73
84 88 13 95
53 8 51 7
20 58 71 92
2 29 65 52
17 39 53 7
38 99 97 18
68 74 44 99
65 84 23 78
77 13 34 23
37 69 67 21
8 8 10 19
56 77 53 69
100 73 58 30
93 48 50 40
27 10 92 68
61 11 20 32
33 63 42 12
65 80 47 55
70 79 29 61
66 8 49 27
79 84 4 5
7 18 86 30
73 92 62 25
36 48 75 0
19 94 75 10
91 78 97 96
100 97 29 94
44 65 63 12
75 67 4 6
12 74 53 63
78 98 96 2
62 46 23 73
84 44 28 63
12 19 64 91
1 69 17 17
2 9 65 52
31 23 31 58
45 88 48 82
58 0 21 71
19 15 30 90
75 55 59 63
18 92 68 46
56 12 43 15
2 76 5 50
98 28 22 87
68 9 33 49
54 26 49 61
91 83 59 0
33 57 8 6
67 90 86 19
17 69 64 15
25 37 70 72
63 13 100 25
85 90 81 64
37 50 27 78
90 64 15 97
10 51 24 48
7 54 34 67
92 56 0 58
64 57 51 5
77 17 40 94
100 85 11 6
69 61 18 67
54 88 7 19
39 7 39 19
97 74 88 17
9 76 14 41
95 74 29 24
38 14 30 91
26 9 59 38
79 33 95 93
71 19 69 28
29 49 35 54
84 79 44 46
69 19 28 17
76 23 68 88
90 89 25 65
51 59 18 81
9 93 28 42
0 18 48 27
65 75 80 4
89 93 100 70
84 80 12 77
5 1 22 78
33 34 0 87
98 98 57 59
90 92 68 56
27 55 61 98
89 56 91 89
37 23 61 50
84 2 67 5
80 66 8 63
93 18 40 80
59 71 57 52
12 81 74 72
40 5 91 93
7 90 65 90
74 46 60 55
74 70 72 9
47 49 29 53
7 17 69 12
30 29 83 12
5 2 83 79
4 83 35 56
13 34 16 66
45 30 100 54
39 92 95 14
83 49 82 70
61 37 73 83
87 12 60 9
94 86 86 64
100 29 97 4
1 98 60 24
17 5 58 66
25 57 83 40
93 38 70 15
61 28 77 61
44 59 3 81
60 5 32 39
1 4 83 10
85 48 75 38
23 25 63 79
8 10 71 48
45 70 39 42
0 31 7 59
88 5 65 74
18 21 93 79
92 95 80 34
13 31 59 10
72 11 63 58
93 63 35 84
20 76 63 7
100 58 73 38
31 96 7 55
67 28 28 8
54 49 79 18
87 29 37 66
64 61 5 59
70 56 38 87
97 98 57 50
48 2 93 61
41 17 65 27
17 71 88 60
91 76 27 85
70 66 56 64
30 40 70 82
87 47 92 61
95 49 93 40
75 66 36 81
14 88 74 2
80 87 45 41
38 67 5 96
96 77 87 62
36 74 56 77
16 2 67 87
86 29 64 41
83 95 44 16
23 33 54 66
15 3 89 89
49 85 47 34
38 51 97 5
22 42 1 48
32 73 97 88
41 93 65 10
100 50 94 64
74 0 51 15
8 44 68 57
91 90 19 21
95 79 24 86
53 19 71 99
60 97 84 95
15 49 23 28
15 46 74 83
4 51 65 55
52 68 42 55
24 34 83 67
47 34 84 26
28 54 94 5
100 13 33 1
76 70 50 72
24 16 86 85
38 62 100 15
82 72 68 59
16 57 33 34
5 44 61 43
2 52 21 23
30 44 50 57
54 88 32 67
32 57 75 18
44 41 68 8
30 73 73 97
24 45 65 66
66 88 22 33
24 19 72 39
58 5 0 68
30 53 19 86
85 100 21 39
3 70 63 35
42 58 99 66
31 4 50 26
58 23 52 57
37 71 60 28
15 10 34 74
1 39 3 99
90 70 66 44
7 1 38 58
100 42 32 22
66 68 97 87
76 45 77 10
57 35 26 89
27 3 56 44
41 29 21 44
5 51 83 81
95 7 67 27
25 40 80 85
73 11 53 52
44 48 5 78
64 4 42 88
17 3 36 98
87 57 26 82
11 90 32 77
61 15 23 48
75 58 14 61
31 96 33 64
68 24 37 5
90 31 11 35
21 22 81 63
49 64 68 81
10 10 25 67
11 57 89 91
45 58 36 23
49 2 70 30
95 57 43 60
96 70 80 44
41 70 77 59
84 56 29 3
41 33 55 74
27 60 86 10
26 98 82 80
63 17 0 57
18 22 40 23
93 39 80 81
85 26 72 78
60 2 56 64
99 99 96 29
77 67 7 59
90 77 46 57
79 54 88 13
13 5 32 22
69 100 49 24
82 38 43 32
74 91 33 4
27 83 82 3
0 90 13 40
80 74 33 78
76 38 16 81
4 25 6 92
1 97 92 8
94 32 10 39
100 79 54 0
27 81 18 14
80 35 46 34
48 21 96 0
41 22 82 100
46 3 3 6
26 79 14 54
23 52 79 6
6 96 38 29
24 91 39 11
70 100 44 74
8 21 53 74
60 47 83 3
47 23 64 73
100 80 45 48
5 20 69 72
40 93 84 27
21 62 1 41
94 5 43 41
36 39 95 23
73 60 15 1
92 78 34 67
78 97 49 8
17 81 65 5
61 65 28 56
3 43 30 14
64 80 16 8
80 59 63 82
97 55 92 27
27 73 1 90
62 38 59 30
44 23 87 18
34 7 18 95
36 74 51 27
23 59 37 2
41 29 39 84
37 59 83 24
30 54 0 37
51 72 40 39
18 79 77 67
42 74 23 57
36 83 79 65
14 66 10 4
85 74 57 62
61 46 65 34
59 27 64 75
94 53 68 79
89 3 17 74
62 64 49 4
90 49 32 70
74 5 44 3
18 91 12 76
37 4 90 83
15 86 49 2
19 4 36 34
90 28 84 16
54 36 70 68
4 77 90 53
79 72 22 52
60 38 74 58
21 7 41 26
60 78 29 50
59 52 58 82
77 74 100 2
8 38 77 98
81 17 78 32
52 89 59 2
79 99 13 65
54 9 94 45
55 79 51 48
12 74 73 70
41 16 25 67
51 90 88 20
34 46 84 89
10 13 44 29
72 68 27 58
30 10 56 0
36 77 39 44
21 63 99 31
90 5 40 54
86 74 58 46
98 7 58 78
61 5 30 4
58 29 89 22
41 22 72 85
57 33 4 27
16 39 43 6
10 25 66 60
34 9 75 89
54 8 14 5
12 100 87 30
48 67 54 99
31 22 10 61
69 90 17 4
4 23 26 45
86 15 39 99
33 54 99 58
54 19 23 32
29 53 23 63
17 19 44 73
62 13 54 20
67 81 8 74
13 88 34 76
57 12 21 50
23 70 16 27
34 45 18 81
50 2 21 95
93 13 53 26
21 48 18 48
38 6 31 51
91 10 86 79
39 8 1 89
61 12 88 98
85 79 29 82
12 80 19 84
15 81 64 99
46 4 75 86
7 19 82 96
59 14 4 81
34 45 86 75
43 28 64 16
95 57 18 91
56 45 80 91
67 52 47 13
75 18 95 37
37 43 39 71
1 71 80 0
98 4 50 67
36 64 82 76
87 16 32 25
81 21 68 14
54 7 36 0
34 50 3 65
90 60 2 0
55 50 15 49
98 25 30 78
70 77 25 1
58 52 33 97
76 73 4 70
92 41 40 4
83 43 61 2
26 47 46 0
64 25 71 14
87 14 26 0
63 36 92 73
63 73 56 32
26 76 69 45
68 88 95 65
16 79 2 68
91 13 96 53
31 37 62 67
14 93 39 75
82 15 67 58
46 78 83 47
19 99 79 95
19 18 69 78
31 42 43 81
23 66 29 43
37 8 63 23
29 30 16 94
100 10 54 21
15 9 66 69
79 34 62 48
3 48 6 100
77 23 25 86
81 0 21 93
73 34 90 37
78 88 77 67
71 40 91 84
40 48 33 39
94 12 74 0
13 81 11 52
79 91 32 47
79 42 54 65
66 43 53 93
20 70 70 84
89 4 10 54
49 6 80 8
34 55 8 50
66 28 21 13
38 2 44 36
62 50 44 80
5 18 30 56
87 77 91 47
7 0 14 35
29 16 93 2
76 87 12 72
98 43 13 25
31 61 30 87
8 12 38 44
19 0 34 40
35 45 84 58
79 69 33 46
33 13 77 17
9 34 39 59
34 43 14 27
24 11 15 75
31 89 55 26
85 60 83 30
14 66 20 84
77 46 8 14
68 27 45 46
77 3 72 56
33 69 20 65
53 67 14 9
41 28 30 90
60 86 67 27
80 52 20 95
0 14 10 71
18 60 57 69
78 87 39 41
11 46 42 18
92 94 44 26
92 47 86 79
55 75 24 54
72 54 80 84
63 98 27 27
58 59 38 42
17 90 54 60
90 51 10 42
78 36 34 47
95 39 20 11
0 66 16 35
67 8 33 11
38 44 14 56
31 58 95 55
26 72 82 85
29 97 34 6
94 22 68 58
82 31 3 80
33 7 83 44
40 72 17 46
38 62 69 35
76 75 85 2
60 42 98 19
2 42 97 25
52 60 99 62
22 13 41 27
26 85 8 84
8 80 44 8
96 54 69 29
2 54 11 15
86 12 40 50
22 24 37 30
22 28 66 38
23 13 97 86
45 94 19 99
65 39 33 75
87 86 0 13
16 43 13 45
17 18 29 33
94 53 11 38
64 59 30 6
51 8 2 18
4 25 16 20
58 12 40 3
66 89 2 28
97 7 24 13
67 58 17 76
17 24 7 23
45 82 20 96
89 80 96 15
17 22 12 10
74 18 7 77
42 33 38 22
8 17 68 23
43 53 69 68
29 68 11 14
49 90 16 6
3 26 47 90
43 21 95 58
14 39 70 85
69 39 36 9
88 89 66 96
21 0 77 66
26 29 44 54
30 42 96 86
80 42 93 63
30 81 37 3
24 78 95 35
7 38 15 8
0 3 92 60
93 77 62 89
97 88 41 24
78 75 79 91
5 41 6 7
91 66 28 31
89 59 46 26
88 22 82 83
2 76 86 60
48 13 20 76
83 0 20 45
99 94 61 20
22 68 0 23
59 69 73 81
28 86 34 59
12 65 90 88
74 40 49 32
80 32 2 5
36 67 82 77
73 91 22 91
9 15 29 75
80 34 13 27
63 77 88 100
91 10 7 66
22 24 18 25
88 98 58 53
46 67 100 58
70 97 48 17
47 68 73 42
37 71 7 77
23 68 44 38
58 20 47 33
9 96 44 7
99 79 59 50
76 15 98 8
51 42 82 44
64 56 47 59
68 41 41 31
93 56 32 79
59 9 3 75
59 76 65 60
0 80 79 99
28 1 39 73
47 57 97 32
86 78 8 62
53 74 47 69
79 87 31 14
25 99 29 55
40 86 9 31
44 23 37 19
43 1 41 86
44 60 93 11
29 16 58 98
67 35 69 73
66 98 82 79
17 90 95 60
10 84 33 69
34 49 34 1
63 0 89 25
12 97 82 71
19 71 80 37
25 98 58 73
9 70 95 16
10 98 14 25
57 90 14 63
51 47 34 67
0 45 39 85
9 89 76 89
70 68 21 35
44 34 100 56
55 68 83 50
1 22 59 65
79 31 56 72
57 59 61 48
23 9 87 27
10 73 47 37
35 1 99 50
60 34 30 33
61 90 63 36
99 34 44 46
74 86 78 53
14 41 77 41
15 62 88 55
54 9 2 37
55 47 46 15
41 9 14 98
7 71 15 4
1 34 42 97
54 58 74 9
93 98 15 66
23 92 63 62
27 26 15 9
86 13 35 74
13 44 34 98
59 56 49 25
20 66 77 58
58 31 62 96
39 75 12 1
30 15 17 18
32 77 51 39
66 7 39 60
98 72 29 35
26 29 43 83
75 61 16 26
31 53 37 92
44 22 7 27
27 5 32 23
28 100 50 27
22 59 45 69
15 1 76 79
23 0 31 23
83 21 80 2
31 93 95 14
37 27 75 89
15 18 75 71
88 30 38 71
16 41 59 2
4 68 38 46
67 28 26 12
92 52 42 71
72 25 17 45
58 48 43 60
56 57 59 59
24 39 22 27
85 23 55 38
78 56 89 69
51 68 79 66
26 28 48 7
70 46 52 48
41 75 60 9
39 91 12 6
97 9 98 80
27 2 37 92
19 14 17 39
11 30 63 80
50 80 98 60
43 14 5 65
14 0 51 81
18 4 70 21
48 82 18 96
69 35 64 100
12 83 82 22
97 99 66 74
20 24 18 9
26 47 56 60
68 61 18 6
55 18 65 38
3 10 32 30
66 54 58 71
89 44 13 70
20 97 59 23
26 11 14 50
97 68 19 17
17 4 83 79
18 26 66 1
98 1 16 99
86 23 62 48
59 61 12 34
68 34 55 21
95 81 92 0
29 71 12 20
31 94 76 17
38 100 31 83
7 31 33 66
99 57 84 2
8 11 53 47
18 96 99 27
53 8 73 17
79 7 19 69
91 10 98 51
30 29 84 95
83 67 80 74
8 76 39 31
27 98 54 74
93 47 3 96
48 73 37 56
2 56 14 10
28 61 74 53
72 20 8 45
22 81 26 82
48 71 14 4
93 27 64 25
23 43 95 86
98 16 82 0
34 95 100 39
6 87 83 92
