47.1
54.5
29.4
35.7
55.2
47.7
50
44.6
49.6
41.8
46.9
51.6
57.2
90.7
59.3
32.3
63.2
40.8
39.1
26.3
48.7
34.8
34.6
33.6
34.4
54.5
70.4
46.8
33.4
53.2
51
72.5
81.1
54.7
47.9
37.3
32.2
43.2
51.6
27.5
57.6
39.6
42.2
24.8
38.6
59.7
47.7
29.9
56.7
80.1
62.8
53.3
71.1
51.7
47.3
47.5
19.6
55.8
38.9
48.7
31.6
60
38.1
39.7
73.8
45.8
47.1
30.8
80.2
34
45.4
81.3
83.1
62.2
40.8
20.2
48.6
75.8
50.6
59.3
69.3
74.4
64
62.2
74.3
40.5
48.3
41.7
26.1
48.7
50.5
39.1
49.5
48
49.3
66.4
78.3
75.6
43.4
83
42.1
42.4
32.5
50.5
76.9
77.5
50.6
72.9
48.2
37.3
50.7
56.5
64.9
49.2
45.4
25.1
40
70.9
39.8
12.3
55
46.6
66.5
56.7
48.8
57.8
36.8
47.4
52
33.8
63.4
35.7
43.1
32.6
59.6
62.7
53.8
65.8
47.4
50.8
27.7
27.6
49.6
52.1
9.4
46.9
82.6
46
44.1
59.7
31.5
31.1
57.6
18.6
36.8
28.8
41.5
27.5
47.9
40.6
38.5
51.4
53.2
47.6
29
61.3
38.1
31
46.1
59.7
57.4
38.4
47.6
9.4
32.1
74.4
