176
6 96 1 88
14 17 85 76
31 98 10 2
80 1 30 35
45 54 89 29
52 89 48 17
73 6 72 42
18 13 59 69
9 83 35 69
28 58 66 16
45 8 86 35
78 75 35 35
3 40 86 76
74 87 95 100
33 10 98 71
40 27 59 4
63 94 61 45
28 38 68 24
87 56 30 5
36 28 35 10
83 18 43 52
3 15 43 61
31 100 11 17
17 7 80 16
28 81 22 20
90 52 82 5
46 33 83 99
24 78 37 51
23 27 78 0
55 46 66 44
12 96 74 24
99 79 85 38
93 17 98 99
47 66 62 45
72 16 31 70
52 7 33 52
52 16 17 45
59 31 78 6
69 30 74 32
25 0 9 66
78 87 43 39
83 16 11 55
4 90 43 35
10 3 45 29
12 76 48 22
96 78 47 36
53 64 39 42
7 15 54 31
71 88 24 59
86 64 93 74
37 73 47 89
58 0 87 52
71 85 99 34
36 92 2 85
45 13 90 29
1 37 94 39
41 3 20 16
70 98 22 52
18 13 71 38
35 51 81 24
22 25 65 9
20 91 30 96
32 61 47 18
47 96 16 21
72 78 69 77
56 38 58 32
44 34 32 73
23 17 44 32
75 98 75 77
95 6 37 9
50 36 38 56
66 99 92 69
85 71 86 87
9 74 82 70
13 35 19 85
28 1 12 36
63 99 20 34
76 72 70 84
41 68 42 54
55 36 56 81
57 54 77 80
37 83 69 99
25 52 70 92
75 74 96 12
97 33 91 70
37 77 28 31
31 80 37 50
56 88 31 12
59 16 25 12
73 100 1 46
71 63 19 60
19 16 68 39
90 0 23 82
21 81 46 46
20 21 40 97
100 46 100 24
92 64 76 81
74 46 72 100
13 99 13 57
86 47 89 99
7 97 21 50
4 82 23 61
47 48 32 13
3 53 65 66
85 67 87 68
52 82 82 87
29 29 50 80
51 75 89 70
59 74 21 51
90 20 35 16
58 17 99 20
28 100 8 95
30 83 46 95
95 31 54 26
61 37 54 32
10 9 59 12
4 40 16 88
34 88 71 84
19 18 19 89
40 2 9 4
43 22 84 56
3 86 36 60
96 97 37 56
57 75 100 1
45 52 61 37
30 67 84 44
0 85 5 61
9 54 66 50
82 31 89 9
27 25 35 43
94 52 66 48
55 89 18 5
26 14 37 80
75 58 13 7
86 29 85 37
58 5 89 78
64 52 43 59
75 98 24 80
58 11 18 94
8 87 37 69
36 59 2 27
32 40 13 31
21 32 95 35
63 37 54 53
6 29 4 4
34 46 11 92
70 67 95 89
80 3 10 88
16 86 14 65
49 95 40 63
7 59 21 40
31 9 29 48
34 26 61 91
22 44 16 2
14 20 41 59
4 35 26 44
24 44 56 37
13 27 5 60
54 16 98 15
44 54 44 26
18 71 32 37
41 51 35 75
69 23 20 96
45 13 38 82
25 78 1 27
47 93 85 26
60 9 6 75
21 29 11 59
25 42 88 21
61 14 71 78
46 82 86 20
14 13 67 43
74 44 45 35
8 0 20 6
0 21 9 84
75 78 85 61
