50.6
27.2
64.2
62.3
41.8
60.7
58.6
59
28.4
77.7
39.8
43
43.8
64.9
43.3
56
78.5
46.9
78.4
66.3
29
41.9
25.5
43
37
35.8
66.8
79.9
41.8
39.3
40
53.7
57
70.8
62.7
46.4
22.5
34.9
55.5
27.2
26.7
43.8
43
65.8
54.8
47.8
36.9
27.2
24.1
56.3
70.3
62.1
73.4
63.1
49.8
30.8
57.5
71.5
66.6
50.7
60.9
48.5
63.6
27
56.5
63
47.4
65.4
66.6
44
24.1
43.8
28.6
72.1
75.3
52
49.2
55.8
49.1
32.4
58.3
44
57.5
28.6
69.3
52.7
44.9
47.4
70.2
55.3
46.1
62.7
74.5
33.6
68.2
32
76
60.3
45
50
59.1
64.9
63.6
61.8
42.3
25.4
70.1
53.7
33
70.7
45.3
59
35.3
55.4
49.7
44.2
53.7
38.9
48.6
40.2
51.1
49.6
62.4
32.1
48.7
52.9
79.8
45.7
52.5
44
66.9
27.3
53
41
77.3
49.1
32.4
50.9
82.1
33.3
52.9
60.4
63.7
53.6
38.1
19.6
27.1
79.3
47.1
53.9
51.8
53.8
26.6
82.3
87.6
46.8
24.4
25.2
38.6
64.5
67.6
30.5
49.1
37.8
66.1
39.3
40.9
67.9
62.6
48.2
65.3
45.7
68.2
45.1
32.4
28.4
47.7
51.8
59.2
39.5
64.2
57
35.4
74.4
65.6
33.3
62.3
45.6
27.8
64.8
66.6
31.5
42.4
42.7
42.5
55.9
41.5
57.5
45.4
57.9
59.9
28.2
32.9
46.6
42.8
44.2
66.6
50.8
40.7
56.2
37.2
49.4
80.4
70.4
50.8
25.9
67
33.9
65
55
42.2
33.2
55.6
48.5
43.9
37.6
47.3
36.9
42
74
47.4
27.5
59.5
48.4
62.4
44.8
21.1
52.1
51.7
25
67.6
36.4
65.9
36.2
39.4
21.7
36
44
55.8
66.7
48.7
60.5
73.3
77.7
59.6
80.5
38.4
32.2
59.8
41.2
55.7
56.2
54.5
15.6
30.3
30.9
49.5
69.8
59.3
44
25.1
50.2
59.6
67.7
41.3
28
50.2
73.2
49.5
61.3
63.2
73.4
58.9
79.8
47.2
30.3
56.3
47.2
24.8
52.2
37
46.2
37.7
59.3
50.5
48
44.6
57.8
43.2
50.8
38.5
54.1
12.7
23.1
9.8
63
43.8
51.5
29.1
77.7
53.3
70.6
41.2
65.2
56.3
33.5
34.4
39.5
48.5
59.5
57.5
56.1
27.4
48
78.5
54.2
56.5
51.8
50.5
34.8
34.6
33.3
71.6
67.8
36.3
48.9
46.7
81.5
30.3
77.3
58.7
47.7
44.2
70.9
38.6
50.6
50.2
41.4
71
52.6
44.7
73.6
57.7
39.3
33.2
42.1
66.4
51.1
31.5
