359
92 41 69 11
69 7 35 5
33 87 49 85
99 28 61 62
49 13 10 88
89 30 55 68
5 87 42 92
67 93 80 10
43 24 1 49
9 93 99 92
76 3 54 26
12 20 62 60
7 68 51 45
30 71 80 69
14 27 99 18
19 75 81 43
65 65 94 81
75 20 8 85
84 56 71 97
60 81 66 61
37 27 41 13
1 3 68 69
25 2 27 40
56 66 4 58
73 88 14 2
67 64 7 25
88 99 3 95
95 36 89 90
90 59 5 35
63 96 11 14
43 7 16 84
34 86 27 72
27 63 42 88
38 25 95 99
46 95 28 87
48 97 17 41
41 55 7 4
32 21 26 55
77 49 77 24
18 31 12 46
29 46 12 27
19 14 47 77
41 99 43 7
74 51 83 53
56 32 43 81
51 47 2 92
48 9 5 80
69 1 44 0
40 4 40 11
36 52 91 38
100 43 85 54
25 23 82 93
97 99 75 39
30 14 93 88
51 15 80 42
59 35 7 33
56 5 58 93
98 48 45 96
85 50 36 96
38 40 48 69
28 50 52 99
21 82 67 26
97 2 54 92
15 12 65 7
46 58 36 83
21 90 92 44
9 90 13 79
88 92 68 30
56 43 69 87
7 15 83 49
1 25 0 63
44 37 22 70
19 70 21 15
61 4 99 98
94 20 91 84
72 38 40 60
9 30 47 91
73 74 87 1
77 95 1 48
49 11 31 37
78 50 35 74
41 29 85 15
0 97 77 50
59 12 5 43
73 86 60 65
90 88 52 5
43 15 32 79
9 78 78 22
98 10 99 63
94 16 70 41
2 83 91 6
61 98 96 7
57 71 71 92
42 18 66 6
46 73 74 74
16 99 4 26
91 46 94 68
65 58 77 42
3 99 50 32
9 67 57 59
70 98 40 45
12 53 97 76
65 46 47 91
90 57 32 76
8 16 32 93
30 37 10 30
38 80 94 61
26 22 55 92
16 59 60 0
58 39 89 82
77 16 72 17
52 87 75 29
65 2 10 63
99 91 7 51
55 36 44 61
11 90 10 70
13 62 37 92
52 48 56 7
2 55 51 73
19 89 5 57
14 63 44 75
33 71 67 29
73 11 62 90
17 91 25 10
51 11 71 50
6 95 20 89
74 67 99 73
79 79 11 36
27 12 59 90
69 58 54 8
61 44 97 56
97 20 11 2
55 48 39 69
37 9 20 86
63 55 94 85
47 86 3 72
32 10 57 23
60 88 8 63
60 61 96 97
10 14 59 36
47 30 61 64
76 85 80 14
97 13 78 61
5 20 66 96
21 51 6 73
5 3 7 53
32 48 17 20
91 94 80 61
48 57 67 20
54 28 41 84
15 55 75 51
64 4 60 74
3 34 4 60
93 77 79 82
84 96 74 98
86 28 48 32
11 39 26 22
19 62 18 12
70 48 2 48
66 39 60 85
47 51 61 99
40 0 18 57
71 5 77 36
89 49 25 9
81 17 93 62
39 30 48 37
74 30 67 0
63 65 79 62
92 53 62 50
89 35 14 64
92 89 8 89
69 26 53 36
94 100 43 55
9 8 66 73
72 0 58 2
27 31 10 46
42 15 51 70
37 72 64 36
35 27 73 83
27 70 38 29
86 16 80 66
47 19 47 99
98 28 4 30
72 96 88 48
46 51 68 86
58 23 1 56
67 93 57 44
28 53 87 11
75 10 1 35
51 24 96 70
90 87 89 15
11 28 65 14
28 7 47 71
39 2 32 83
74 65 0 49
95 15 39 74
57 8 3 92
80 71 22 69
99 17 65 9
33 63 84 45
35 77 27 98
61 11 9 37
63 58 7 22
83 21 13 73
43 3 52 60
47 60 17 59
79 35 100 46
86 30 72 20
25 9 25 88
67 88 77 7
34 17 86 4
22 54 43 71
100 26 91 93
28 90 81 75
41 72 91 3
78 2 25 8
49 82 99 37
52 29 15 44
23 89 88 54
74 42 80 26
8 86 34 44
52 0 38 38
25 43 68 72
80 71 49 12
22 67 37 50
57 2 28 58
29 38 24 89
10 38 79 12
43 62 33 37
88 15 97 81
17 37 57 65
21 91 2 15
19 64 61 82
41 15 42 82
86 34 36 92
33 32 24 82
65 12 1 18
56 89 66 11
73 73 70 5
52 64 4 2
90 65 31 91
75 26 6 48
44 50 98 59
30 79 28 20
90 80 10 8
7 73 4 15
4 95 48 6
43 96 43 11
86 1 81 47
89 57 53 72
39 53 100 1
77 86 56 37
90 47 76 77
91 65 58 97
83 14 98 36
50 87 95 82
18 24 37 63
73 10 18 34
25 94 33 87
30 59 57 21
96 97 44 13
15 32 74 82
24 91 72 33
28 32 3 9
8 7 6 85
12 15 46 39
39 0 82 57
73 75 66 68
16 15 81 96
39 64 74 4
22 9 34 29
82 85 53 3
18 49 87 67
45 19 91 92
11 83 54 21
62 0 39 13
77 60 5 71
26 100 63 97
97 47 39 30
68 90 88 11
20 77 83 63
66 49 79 89
56 18 88 59
96 75 90 62
17 69 95 5
15 78 21 18
70 87 20 63
43 34 52 54
17 50 25 13
14 34 84 58
19 79 43 15
16 80 87 3
45 46 28 37
41 71 50 73
21 86 23 74
66 36 29 63
23 74 3 81
10 45 97 59
25 71 56 24
43 67 38 58
25 1 52 59
74 96 56 11
9 26 19 0
46 20 27 6
5 14 18 2
7 71 61 97
64 14 68 26
89 53 9 68
8 79 17 22
39 78 82 99
80 59 27 58
75 83 80 50
42 83 13 41
59 78 28 98
8 77 34 97
5 20 68 27
94 6 26 22
17 32 60 39
71 83 3 56
73 10 75 68
42 46 95 38
77 34 68 45
34 37 15 29
47 73 1 79
75 58 75 98
32 23 68 76
96 11 60 57
76 36 78 20
54 77 39 42
0 45 4 82
5 21 7 91
30 0 38 53
90 91 45 73
60 21 97 75
14 55 69 6
45 75 67 16
68 59 36 35
84 85 73 86
33 15 4 65
55 99 86 69
56 65 29 86
63 81 0 63
83 33 16 54
87 86 54 67
30 19 4 92
100 18 5 85
36 89 35 49
0 12 100 30
90 97 68 44
58 31 41 75
89 76 13 26
51 62 90 80
89 69 77 10
69 45 28 27
93 46 9 9
37 25 85 14
71 57 82 54
2 27 82 69
15 6 75 16
